:-) Pariz:
511.70709805071215 879.2110577535282 
:-) Pocet koni:
1264 
:-) Kun 1
-211.9224118589533 -685.551540946122 1734 944
:-) Kun 2
-237.68081127417827 -832.3136969444662 1549 970
:-) Kun 3
64.41215442147518 -708.732565002563 1477 999
:-) Kun 4
-82.22529627529923 321.18091035769976 1755 964
:-) Kun 5
-764.1364884414164 -447.09375786112173 1442 1045
:-) Kun 6
-591.9190078232176 -388.57233576503256 1101 1056
:-) Kun 7
400.9991691825378 803.9540043400782 1582 820
:-) Kun 8
-185.02561146584821 -726.8198534641839 1577 1031
:-) Kun 9
-9.021644132485108 -314.3551456279356 1655 1075
:-) Kun 10
-514.0327830396302 289.5159213393033 1508 1104
:-) Kun 11
-40.759918824964984 -214.73489040508753 1443 1019
:-) Kun 12
324.74098484301385 310.4237213335691 1513 1131
:-) Kun 13
-240.6457465059234 -732.5107098604755 1585 931
:-) Kun 14
39.77287079343341 -625.1044561901567 1511 899
:-) Kun 15
140.69641995744905 121.34116593364479 1465 1148
:-) Kun 16
294.22151525337995 -349.3314359754413 1542 917
:-) Kun 17
-279.3479653876044 -427.1842106166803 1790 824
:-) Kun 18
70.09388092299241 -313.99754463772035 1579 1004
:-) Kun 19
-291.56876481564393 -1291.5738475748217 1577 1152
:-) Kun 20
-466.3100220181109 535.9447634257242 1524 938
:-) Kun 21
-527.6096457143208 -898.9782803199065 1329 980
:-) Kun 22
102.91234453597099 -302.56941170968685 1463 1096
:-) Kun 23
436.9332685297568 31.16821445876326 1397 901
:-) Kun 24
349.100096593985 235.14242916152375 1397 1207
:-) Kun 25
123.73515643265546 75.74016369011383 1475 911
:-) Kun 26
109.86712473918055 527.8510543568545 1430 1110
:-) Kun 27
25.694807349165103 323.69776613013664 1253 1025
:-) Kun 28
-650.0876387964465 464.84329548109235 1654 903
:-) Kun 29
-156.1875309529314 244.15525194296492 1563 759
:-) Kun 30
259.37779248279276 -75.6019471941413 1646 1009
:-) Kun 31
-865.8644888879755 -535.7197772041097 1442 808
:-) Kun 32
335.27003357562626 -821.6486318998257 1562 1066
:-) Kun 33
-98.72180629356399 -672.1862436485463 1584 1061
:-) Kun 34
317.8648306276166 350.4654580020251 1501 985
:-) Kun 35
558.8096036109409 413.41679066426104 1631 956
:-) Kun 36
75.3069329551538 -544.4827852883055 1474 982
:-) Kun 37
98.26049728648172 51.772453703842984 1553 950
:-) Kun 38
39.91903255946954 -41.812644656216776 1551 1115
:-) Kun 39
-126.62387293978725 -36.90843621667932 1428 1008
:-) Kun 40
217.65302304418265 190.02941786337283 1656 929
:-) Kun 41
-735.1721629333821 743.9367843386096 1708 1216
:-) Kun 42
499.05916986385 57.32365568685691 1413 1045
:-) Kun 43
-311.424832978851 257.19701195753623 1294 881
:-) Kun 44
-98.94642971774397 -111.60075504412168 1500 946
:-) Kun 45
-102.81078524164627 4.447096389009062 1480 971
:-) Kun 46
397.6619382857832 -354.0172327597585 1201 1048
:-) Kun 47
-409.36385200200675 -50.53678394829308 1456 977
:-) Kun 48
14.547905971537602 551.5185498096739 1220 1219
:-) Kun 49
98.16134697192547 -363.153338028652 1513 820
:-) Kun 50
-451.01127118115244 -314.16380628755496 1674 967
:-) Kun 51
-540.895708776852 -159.42966111854912 1731 946
:-) Kun 52
389.13633723393104 375.4378022548094 1693 790
:-) Kun 53
259.31728001607553 207.7256164072769 1565 979
:-) Kun 54
242.98542413716814 -140.8636190226307 1751 937
:-) Kun 55
-28.993758465836777 443.545614901268 1303 1016
:-) Kun 56
255.4425007103489 274.1978708244287 1622 975
:-) Kun 57
-798.1627676757145 -93.53040807769776 1846 1170
:-) Kun 58
-236.4563783217044 639.6994889701148 1534 978
:-) Kun 59
73.867272881919 -110.5974423381424 1520 1029
:-) Kun 60
-251.77230439817095 815.2945635699953 1458 939
:-) Kun 61
195.94478232935558 -347.347622732231 1710 975
:-) Kun 62
814.5375029865581 166.50526424187433 1264 1045
:-) Kun 63
-59.514360794517984 82.98136020197967 1626 1081
:-) Kun 64
445.62723906539895 -459.07713458612704 1442 982
:-) Kun 65
-920.7283794374864 -361.52467276226184 1161 1248
:-) Kun 66
362.9692282022902 203.5107841715187 1641 1020
:-) Kun 67
372.80193083960285 6.878658539598064 1613 959
:-) Kun 68
343.0801793947296 -500.4543281156284 1545 939
:-) Kun 69
9.574082260935484 -266.76885333641144 1438 1028
:-) Kun 70
429.56708553657245 -136.34019202156583 1432 919
:-) Kun 71
185.01768514086893 864.2579897827327 1231 1010
:-) Kun 72
-263.2969171447222 396.9738337996639 1448 1171
:-) Kun 73
-244.89214408880412 24.945627151438657 1417 1205
:-) Kun 74
-1084.1704525193195 194.9891190985661 1503 1035
:-) Kun 75
209.86304012561618 28.774328434331665 1196 1221
:-) Kun 76
-1.4593449177098137 357.0674723170682 1367 1036
:-) Kun 77
-582.3849665743828 214.49891918477783 1470 1196
:-) Kun 78
282.77076700962994 -1388.4333858794002 1486 941
:-) Kun 79
160.52089729622298 230.429444305875 1555 1033
:-) Kun 80
-451.5119421492567 49.40048853165081 1364 1146
:-) Kun 81
442.6814767089086 9.580293953622686 1490 1157
:-) Kun 82
-82.87678003942574 -224.0448915789426 1205 1027
:-) Kun 83
190.7466164942109 -230.9552644210496 1379 901
:-) Kun 84
-88.984875295444 676.93047549843 1549 1141
:-) Kun 85
-151.77585907830235 385.67014163859426 1464 882
:-) Kun 86
81.9220961562246 526.7002468046769 1432 970
:-) Kun 87
-636.0808472672295 -310.5100475566858 1677 983
:-) Kun 88
3.83733503594749 63.90469638514401 1633 1115
:-) Kun 89
-8.047618824068877 455.62022004434334 1240 1003
:-) Kun 90
-250.1398567486102 18.27270728290989 1503 992
:-) Kun 91
169.30553015274904 167.70615099461997 1459 1092
:-) Kun 92
-903.7077037460937 -496.29637658449883 1260 930
:-) Kun 93
178.9542975703332 -403.43977781663534 1209 987
:-) Kun 94
-192.97265975932817 154.11624421088482 1301 1075
:-) Kun 95
-399.4770278019281 109.05931750491186 1487 923
:-) Kun 96
140.08392513039644 -253.86385194823026 1813 1304
:-) Kun 97
-41.179025426194926 -625.4788895570265 1750 969
:-) Kun 98
492.7874246114279 -19.708140733525397 1626 1103
:-) Kun 99
-28.625765004700497 -136.55533654793737 1281 1018
:-) Kun 100
251.63019504949125 -331.68220273947077 1421 980
:-) Kun 101
-412.70327820636453 137.48666669546105 1359 1076
:-) Kun 102
197.00012685084766 -399.7163236229653 1461 1178
:-) Kun 103
150.85068203605056 -26.583188806444127 1363 1102
:-) Kun 104
127.72814144370182 -269.0750836502873 1529 977
:-) Kun 105
14.223263197039842 614.3153487241602 1424 1014
:-) Kun 106
187.40354914688987 -7.39240920975999 1121 797
:-) Kun 107
410.8653968765211 18.93290586177625 1475 991
:-) Kun 108
420.6923460223509 -204.76996689794305 1378 1070
:-) Kun 109
101.41259520199947 333.70709074322235 1187 987
:-) Kun 110
166.51039627990713 -402.4883289400615 1313 875
:-) Kun 111
3.8264599462557953 -371.645385279298 1698 892
:-) Kun 112
-468.4090537358435 -71.67658536621616 1686 1063
:-) Kun 113
72.19995648428699 -14.854288913467485 1669 978
:-) Kun 114
298.4060501438312 286.94783526318224 1365 1072
:-) Kun 115
-301.5478680296527 587.5203904389048 1344 965
:-) Kun 116
-137.69631310887996 -45.41800674338879 1503 921
:-) Kun 117
-569.2656734722428 -155.01115627534102 1650 974
:-) Kun 118
-573.5245792544459 -411.3100969444994 1399 968
:-) Kun 119
-137.51579868476745 -120.78540274704994 1197 923
:-) Kun 120
190.73167840810174 -98.37836107709552 1641 933
:-) Kun 121
397.35464983368297 732.0398856446716 1536 976
:-) Kun 122
-168.96172359546688 -651.7883692879908 1593 1055
:-) Kun 123
-850.4833590710032 216.41725334458965 1619 899
:-) Kun 124
-1010.2891447294217 -308.3715380103803 1435 1096
:-) Kun 125
596.9049831748503 141.9531431732264 1420 1057
:-) Kun 126
37.4704848287538 566.1145699892104 1477 1120
:-) Kun 127
471.1203911346315 90.4993134839824 1546 954
:-) Kun 128
-622.8774822281375 -232.82607550620423 1386 741
:-) Kun 129
-60.65213224422962 80.64824491000968 1604 1050
:-) Kun 130
-68.83168839557914 -975.8786117508232 1600 1090
:-) Kun 131
-658.9708746983704 217.5542604592124 1378 1135
:-) Kun 132
14.4790704143129 -209.74325600304553 1565 927
:-) Kun 133
-1.3598561051953766 65.35639285195907 1528 1093
:-) Kun 134
194.90759793397729 -399.85779679126006 1302 1038
:-) Kun 135
48.39474691859391 -400.4467500783164 1475 975
:-) Kun 136
203.23952021806258 1045.64887276742 1474 1058
:-) Kun 137
-499.493420171205 -141.37262618291948 1681 962
:-) Kun 138
79.47848357825751 898.7098016055145 1803 1144
:-) Kun 139
-471.38506647983604 -236.2000777323883 1586 1063
:-) Kun 140
281.39893721140857 -422.59657198430864 1526 1034
:-) Kun 141
414.50807071714826 -118.1532551979999 1642 1032
:-) Kun 142
11.75041650582466 78.21514266755275 1480 1048
:-) Kun 143
284.1526414888567 229.89214852744453 1499 998
:-) Kun 144
-77.94859624425646 284.594888147622 1256 911
:-) Kun 145
370.6326075409081 -15.080963955189532 1370 1063
:-) Kun 146
404.05044406573234 347.2643641479656 1709 923
:-) Kun 147
154.20987556691762 366.38755361485005 1319 1059
:-) Kun 148
262.63009207677305 830.6527397247914 1427 1037
:-) Kun 149
296.06804360772 -72.09812262560297 1546 1172
:-) Kun 150
121.0538256205964 -76.89786585417869 1527 1116
:-) Kun 151
-180.8840704976626 429.1049022865682 1384 766
:-) Kun 152
-178.37121719316463 -52.40850793237314 1304 959
:-) Kun 153
53.855151793859704 -378.1904096613772 1571 927
:-) Kun 154
145.05612119717284 94.06997357863224 1731 979
:-) Kun 155
-182.82967706298393 -773.3463852614393 1469 933
:-) Kun 156
423.2967268469106 -37.40620691322931 1329 1050
:-) Kun 157
186.08076919010682 -193.85735811958125 1562 894
:-) Kun 158
601.7269019577047 127.92221589478481 1541 1009
:-) Kun 159
265.46722082000883 -252.8533440487372 1590 990
:-) Kun 160
288.20468345077234 -47.35190576578418 1415 1070
:-) Kun 161
-487.88393504650776 -369.89448998249213 1588 1004
:-) Kun 162
68.44613835194787 -175.7008241205035 1464 1078
:-) Kun 163
1016.0269949210722 -286.4081591216478 1408 1087
:-) Kun 164
233.31575287307078 482.70161730860036 1671 977
:-) Kun 165
-159.16423293659955 230.30654118277448 1603 992
:-) Kun 166
67.55279079451793 -360.01678004125324 1483 803
:-) Kun 167
227.39729908095114 -231.32733458341102 1427 946
:-) Kun 168
-327.6870027926043 -169.4100921117631 1461 1018
:-) Kun 169
661.7144863898084 -455.5096215511262 1301 1099
:-) Kun 170
181.5135663607498 -376.62991549328683 1277 1130
:-) Kun 171
-168.48731343452266 900.9040968724908 1613 1073
:-) Kun 172
-555.7128421885513 317.19397491184964 1585 961
:-) Kun 173
196.58652083817356 236.22830878589775 1529 874
:-) Kun 174
441.87738639728946 393.69760921050874 1704 1095
:-) Kun 175
-25.929167729822666 559.9234158594729 1834 988
:-) Kun 176
-494.4409417859347 -334.8732898303855 1276 820
:-) Kun 177
-291.6688071777211 27.192709283805016 1298 963
:-) Kun 178
-1039.394716577822 177.88235775452995 1446 1160
:-) Kun 179
35.27752054115831 386.1216154648512 1507 919
:-) Kun 180
-123.68344375306799 -126.66633840803433 1426 928
:-) Kun 181
-119.49059646821092 -862.3589158046058 1579 1077
:-) Kun 182
-353.2859451878363 -352.6876971338975 1452 881
:-) Kun 183
-222.0356750153485 -614.6657560218727 1528 979
:-) Kun 184
-123.43907394099097 -23.451905835951266 1428 1140
:-) Kun 185
405.0926086461932 363.1915332473443 1270 966
:-) Kun 186
-144.03814513706845 377.43020023123586 1557 1049
:-) Kun 187
1033.6016486294511 56.972552099904306 1356 1046
:-) Kun 188
758.0896251545673 -193.77783678457968 1476 889
:-) Kun 189
782.5693256019285 33.15631025142602 1568 920
:-) Kun 190
-145.3591715732581 -165.53703762370742 1698 981
:-) Kun 191
526.2126707230848 -631.9673317201375 1571 1113
:-) Kun 192
-203.6683351545671 -701.0927548554157 1365 1048
:-) Kun 193
-324.6240115094205 -736.8540083874257 1585 891
:-) Kun 194
-299.88210978223174 786.788602197576 1807 1062
:-) Kun 195
282.8211500839011 -323.86030696782086 1455 938
:-) Kun 196
32.478956081071374 -208.31092235938593 1447 999
:-) Kun 197
-638.2042511666082 158.2457629306059 1206 934
:-) Kun 198
-205.06856883274372 -244.77372009011287 1515 1004
:-) Kun 199
55.8930250217752 -251.9019584431096 1308 1122
:-) Kun 200
-495.2321968828022 -428.157263611242 1622 681
:-) Kun 201
-235.58402977077367 456.86653476660376 1570 1103
:-) Kun 202
-472.42519030914104 201.04139653855486 1392 1206
:-) Kun 203
-236.49668671823406 347.3803390287503 1350 966
:-) Kun 204
356.55024433748713 379.1635992705135 1416 862
:-) Kun 205
-49.68099088383951 268.2714530555486 1437 1006
:-) Kun 206
393.9832847373541 -179.20552079742458 1537 1079
:-) Kun 207
-313.94755601957013 -90.5733021696974 1592 1067
:-) Kun 208
-266.13067126041415 77.5393024086643 1512 925
:-) Kun 209
139.5569743600181 0.9169546554931003 1332 1033
:-) Kun 210
-30.021728498545485 131.36532222759502 1447 903
:-) Kun 211
26.24438911610082 -713.6368193533739 1566 934
:-) Kun 212
198.0244649511135 1241.5296664555399 1608 992
:-) Kun 213
-126.52853365835097 -349.2316281265664 1696 1079
:-) Kun 214
-597.8172740129814 307.4767411541377 1512 1083
:-) Kun 215
355.62103408315306 238.56424429431422 1301 879
:-) Kun 216
-728.314388497232 -150.08788300992887 1587 1036
:-) Kun 217
139.69070629403382 403.71447370702344 1680 1058
:-) Kun 218
205.77984532758114 309.514825358267 1605 908
:-) Kun 219
216.7936910485921 28.315466484196122 1618 1147
:-) Kun 220
82.36688035701127 582.9995561783314 1450 994
:-) Kun 221
-778.6436634691783 -62.59688998628894 1281 874
:-) Kun 222
-19.653535251734638 -870.5942247561725 1305 1120
:-) Kun 223
528.9585304260736 0.19249281384622918 1468 1006
:-) Kun 224
258.5299278775424 -37.42542925679663 1452 974
:-) Kun 225
93.88097187654375 196.56350155263067 1451 882
:-) Kun 226
-331.6155485022771 489.8707636030374 1264 993
:-) Kun 227
327.3612851598716 331.04467978818616 1915 1236
:-) Kun 228
-164.48460810866095 197.6162976907733 1671 901
:-) Kun 229
74.61887981101586 242.19274160704822 1501 1130
:-) Kun 230
31.95112942129731 -556.8859140877189 1536 810
:-) Kun 231
275.7009748460491 -345.0062152587309 1341 923
:-) Kun 232
290.4376872244368 473.260827295416 1672 1035
:-) Kun 233
-418.95618547618494 -72.29614034071778 1475 1055
:-) Kun 234
-98.63412646790323 420.10381047289115 1660 924
:-) Kun 235
392.4895549865887 112.72048327742777 1935 978
:-) Kun 236
-733.1493142313063 -64.38061242964545 1451 927
:-) Kun 237
-227.88713585325127 16.10203893386813 1435 849
:-) Kun 238
-1072.0377827678735 -1011.3215875290764 1574 1248
:-) Kun 239
-429.900909113098 -15.170462226694553 1336 1116
:-) Kun 240
415.36796260857045 -298.02766919316446 1432 861
:-) Kun 241
-202.39936957656482 -280.3488578576182 1704 1076
:-) Kun 242
281.28868010948736 -466.73869065665235 1729 1020
:-) Kun 243
234.15185856797507 -334.5564210385661 1637 1115
:-) Kun 244
574.5905307972646 -462.82519221232815 1594 836
:-) Kun 245
253.77000582661003 -1102.3017824449842 1337 922
:-) Kun 246
729.9908048507459 737.9644205342884 1516 1093
:-) Kun 247
-178.81141271595266 122.75226946710245 1432 1193
:-) Kun 248
62.64771270793494 776.7043043392298 1637 963
:-) Kun 249
155.831188484638 -47.57156793247236 1738 962
:-) Kun 250
-32.35971500149674 -883.0858943774738 1374 978
:-) Kun 251
721.0161314371633 228.0922774250073 1503 891
:-) Kun 252
812.9884698507528 1.4024385378628494 1577 842
:-) Kun 253
-753.6115338720257 -176.8967181408716 1452 1029
:-) Kun 254
-210.25822441740593 -95.18415043115135 1668 1055
:-) Kun 255
-47.79334140565436 751.6692735789247 1394 1080
:-) Kun 256
268.60344449060085 82.42863641838426 1488 1027
:-) Kun 257
-577.8668877391402 -180.04609822684756 1534 1024
:-) Kun 258
386.44547015246803 205.86807082914152 1351 1028
:-) Kun 259
-58.41787365376615 165.7607666268027 1765 985
:-) Kun 260
-214.33544220040721 -687.2146776762946 1674 909
:-) Kun 261
43.291965424483124 392.8639707046507 1507 1109
:-) Kun 262
191.117002161938 509.67698306738157 1395 1158
:-) Kun 263
-119.42886205854086 250.18694379610656 1343 876
:-) Kun 264
413.044988740216 572.6761019745404 1262 1095
:-) Kun 265
632.0442672224517 305.49318106592796 1721 957
:-) Kun 266
107.80153400965878 147.59346410172657 1598 1029
:-) Kun 267
-209.30245081004568 365.663280725144 1512 1231
:-) Kun 268
-416.2298387240784 -85.38025310523585 1357 1094
:-) Kun 269
-265.7077431906921 -15.999194358106024 1500 1113
:-) Kun 270
-419.4925252616674 404.2781686912822 1285 1039
:-) Kun 271
-306.15823838758433 124.24816406269338 1409 794
:-) Kun 272
-506.35146415708584 -202.2166369084473 1373 1043
:-) Kun 273
-269.8246070539532 217.41973046879525 1558 1087
:-) Kun 274
597.0007622545186 682.2126461212645 1496 1004
:-) Kun 275
288.1032195563894 -245.82140351208307 1481 797
:-) Kun 276
751.2006790369726 -31.320618203297272 1455 1004
:-) Kun 277
483.4050186809384 -171.29146651869678 1176 1080
:-) Kun 278
-214.9783914797813 552.108777836343 1661 1026
:-) Kun 279
-166.0550049316996 463.4617267719043 1556 1071
:-) Kun 280
138.04054474123518 -778.5488007931028 1413 956
:-) Kun 281
546.3549476284898 -128.5545112341207 1340 871
:-) Kun 282
397.5977207771857 -359.26466252302544 1687 1170
:-) Kun 283
-264.4044322705885 1085.2365865052943 1544 1123
:-) Kun 284
484.82176277193275 -50.87196557599782 1442 1032
:-) Kun 285
-401.6910859499237 561.6540524051861 1383 1085
:-) Kun 286
-273.6872511065852 -276.20943417194576 1531 833
:-) Kun 287
228.48150969369476 360.3541441604996 1669 826
:-) Kun 288
200.50089223586315 209.5034898417341 1310 829
:-) Kun 289
-33.998752018609366 522.6013210334586 1406 1090
:-) Kun 290
-44.47420565948869 -623.1862980704685 1166 1007
:-) Kun 291
-398.0761731158525 1103.7125309804906 1534 1153
:-) Kun 292
556.97716720979 314.51201468515796 1353 1072
:-) Kun 293
-177.060165302232 566.9213267490386 1566 1090
:-) Kun 294
113.60442247169703 412.1290791787628 1646 1057
:-) Kun 295
-963.1601392431301 -517.131349780171 1375 1084
:-) Kun 296
12.318596388470041 -156.29196166853228 1702 1187
:-) Kun 297
613.5311686427813 -72.49485184618277 1440 986
:-) Kun 298
636.9754883301384 -207.13007885261595 1397 1070
:-) Kun 299
-50.565411256687185 -360.2458397374245 1470 1201
:-) Kun 300
-200.28910103940507 302.92538687534307 1699 859
:-) Kun 301
-7.147101745982241 141.7076008712545 1384 755
:-) Kun 302
523.0428959822157 892.8863886689935 1494 866
:-) Kun 303
52.48857047814181 -316.49904209855026 1412 1046
:-) Kun 304
314.7537261418938 -237.74202107658425 1564 802
:-) Kun 305
71.48344624890638 -132.59627396263636 1326 1140
:-) Kun 306
-253.69576853768478 -71.0210173808623 1601 887
:-) Kun 307
-351.27074617402764 47.2876006085221 1679 1143
:-) Kun 308
-137.09433432880542 -359.53228623704535 1573 920
:-) Kun 309
-357.35670554563376 -23.502790239645833 1617 978
:-) Kun 310
29.356381447497142 -174.30755769885627 1302 1103
:-) Kun 311
295.4803939993585 -202.32225773346113 1473 840
:-) Kun 312
96.29084643491728 -33.59164641948655 1541 1004
:-) Kun 313
997.135427805812 -114.51860927889243 1782 978
:-) Kun 314
683.0925096762464 -475.3233452342653 1471 1108
:-) Kun 315
65.04350146003276 -279.8444817025246 1514 1191
:-) Kun 316
415.91728807124196 89.55960524115312 1510 1002
:-) Kun 317
-955.0899798205685 -265.67608885114487 1570 1093
:-) Kun 318
-143.43279663529233 468.27529349582574 1738 992
:-) Kun 319
-323.8625437017545 -563.6514247254952 1463 852
:-) Kun 320
888.6949787114988 135.79097727059388 1362 1021
:-) Kun 321
72.15993997922214 -876.6169118755063 1676 1016
:-) Kun 322
-196.35434945435725 25.533387910358215 1336 1034
:-) Kun 323
-357.1664593058583 -210.9506293519163 1502 954
:-) Kun 324
315.6228422477632 525.77320755706 1505 1031
:-) Kun 325
-368.88644056196233 -350.8223879708614 1494 937
:-) Kun 326
-488.27155596022874 -56.76900135246103 1467 921
:-) Kun 327
273.5053382820947 19.490696485229023 1865 896
:-) Kun 328
619.2386655891348 -318.8595473438487 1609 1015
:-) Kun 329
-70.15975689127436 -168.17355025982556 1591 1004
:-) Kun 330
-333.2570498386483 -56.05622265537636 1404 1064
:-) Kun 331
19.513545153853215 -362.4176955229269 1776 1028
:-) Kun 332
-102.74312641266044 -396.9803704249408 1450 1053
:-) Kun 333
848.8519278014546 -265.81309498004293 1562 987
:-) Kun 334
183.3019824985256 -0.48381045552253 1653 892
:-) Kun 335
-405.2974209161855 519.6234912371015 1373 974
:-) Kun 336
-261.04387223391063 120.00420331881014 1827 913
:-) Kun 337
169.5683344937645 969.0650781065749 1535 873
:-) Kun 338
-613.0274040449349 686.0441228530865 1346 1058
:-) Kun 339
-176.7675896007662 -205.9627644564422 1352 916
:-) Kun 340
297.2552364243991 -284.8835945996361 1684 992
:-) Kun 341
-14.485236372626332 -42.5758859921026 1472 1032
:-) Kun 342
-313.9024368047043 160.35044509738145 1515 1127
:-) Kun 343
-250.12992318313172 -318.147320285134 1393 901
:-) Kun 344
200.94797229356845 157.33869101042478 1388 940
:-) Kun 345
-8.884029755955225 214.89214826199736 1379 943
:-) Kun 346
335.5078847247546 648.0801323853027 1285 1034
:-) Kun 347
352.276264800229 459.6719352442901 1572 1060
:-) Kun 348
-161.2397062340881 -86.76252856959434 1494 909
:-) Kun 349
348.0187856916675 165.3617663816765 1195 890
:-) Kun 350
87.52410730296788 192.09964018607343 1515 991
:-) Kun 351
-224.10872245501673 436.92967332141166 1494 988
:-) Kun 352
626.9444517269201 189.5230680030004 1813 1004
:-) Kun 353
-302.7033655869368 -291.3461370275952 1214 1093
:-) Kun 354
115.01953224087379 69.22474021504672 1358 937
:-) Kun 355
-245.43332281995094 235.374312146198 1353 1211
:-) Kun 356
146.02848965691396 372.34602703125074 1464 972
:-) Kun 357
133.60116772213541 -209.312832725284 1470 1076
:-) Kun 358
626.1465709689437 159.45896905629115 1347 943
:-) Kun 359
49.86789984363554 276.8048964176644 1423 869
:-) Kun 360
163.97671798520878 -268.1419023047283 1511 854
:-) Kun 361
119.92179560621253 -134.2845417209387 1885 903
:-) Kun 362
-622.3774826511599 174.72667668948202 1736 1075
:-) Kun 363
-83.3844934127718 -235.95298577201925 1411 976
:-) Kun 364
235.73490765232827 152.43440871920984 1408 977
:-) Kun 365
364.4291858252193 -156.4791597878276 1404 865
:-) Kun 366
-789.6602376238877 321.094298637415 1313 821
:-) Kun 367
-508.5654738852886 -324.5001995647365 1695 1235
:-) Kun 368
-514.6440835272616 22.00302400746375 1483 986
:-) Kun 369
-309.40883330851864 119.20134879076636 1596 1130
:-) Kun 370
-881.3318741388309 387.62548409283727 1307 907
:-) Kun 371
254.90667006777494 124.21156984060372 1538 938
:-) Kun 372
-446.72588674248266 38.242525484128464 1572 1040
:-) Kun 373
260.50694891910325 810.4599853814279 1297 840
:-) Kun 374
198.8007646797978 -215.88780627542963 1527 1049
:-) Kun 375
315.00623540397646 -150.1704341510698 1352 957
:-) Kun 376
-61.599761567181304 -604.6405639246452 1707 1048
:-) Kun 377
673.145187562397 124.94163033662335 1651 911
:-) Kun 378
570.8980713283559 -45.04332329794613 1450 1007
:-) Kun 379
-163.07522531253267 -5.419336774206954 1360 874
:-) Kun 380
-106.19340563349965 -715.8238975443377 1535 930
:-) Kun 381
299.5028064189737 171.43143174990496 1494 963
:-) Kun 382
343.95662793792326 70.45656177401293 1534 1094
:-) Kun 383
432.4318942587529 270.55111274539263 1507 849
:-) Kun 384
139.90006830199354 159.12810284450256 1301 964
:-) Kun 385
-392.8199876807313 -56.229297508828154 1589 899
:-) Kun 386
-94.01556649356496 -7.545666079849752 1576 998
:-) Kun 387
42.69183151016796 -389.51997654271827 1520 1010
:-) Kun 388
576.3759829232836 -740.1735543194013 1679 971
:-) Kun 389
-80.81466870631311 260.6100809142981 1747 1177
:-) Kun 390
-85.29585639179948 -240.97673894060597 1525 884
:-) Kun 391
658.1826457250663 -54.178147609592656 1464 1164
:-) Kun 392
-135.78735097476465 35.994274890751285 1533 1030
:-) Kun 393
-426.5666157958743 -136.70933419814708 1252 1014
:-) Kun 394
6.969636075359745 -252.30810062613978 1431 855
:-) Kun 395
665.8819856792136 2.1182400794698424 1557 854
:-) Kun 396
4.215662906716261 -746.3171428890214 1687 940
:-) Kun 397
-493.9288693365329 48.696638406577904 1460 1019
:-) Kun 398
-524.9344472170731 189.32316379645 1181 941
:-) Kun 399
113.88342883593805 135.6351753412887 1616 918
:-) Kun 400
414.528717786824 -982.6274943952203 1517 1005
:-) Kun 401
310.98419546203786 -296.31801996824834 1523 1023
:-) Kun 402
462.7655309900972 337.35212324665326 1407 1013
:-) Kun 403
176.74997118049714 526.2755896582535 1385 1038
:-) Kun 404
382.2554664680781 157.5038201960001 1277 1261
:-) Kun 405
-754.6354606822398 -322.01708850415025 1525 922
:-) Kun 406
-62.9451404939083 568.674155472326 1205 1116
:-) Kun 407
-384.2140351937205 492.11400187798176 1800 958
:-) Kun 408
-564.1187597814047 129.20519203539334 1592 1002
:-) Kun 409
631.7208596988332 -359.9437393464792 1577 793
:-) Kun 410
-309.82821886829163 -348.7271480963799 1690 938
:-) Kun 411
-228.93743316900986 -877.6876207866437 1534 980
:-) Kun 412
378.24884924768594 -57.93675657962808 1383 1025
:-) Kun 413
684.0439380655407 -254.61779906937284 1314 1139
:-) Kun 414
-494.2748855503545 -94.16040582324149 1749 927
:-) Kun 415
501.6705717215259 294.4625540085799 1457 892
:-) Kun 416
-486.0675014292657 537.8793744692596 1587 1073
:-) Kun 417
20.976331272198422 474.0146824382721 1382 844
:-) Kun 418
-85.45943828945315 137.1050736796915 1723 1173
:-) Kun 419
-314.97055964262245 -64.31677780368193 1639 810
:-) Kun 420
339.61905729555883 130.3541004005474 1497 1060
:-) Kun 421
140.7872348502292 -103.67686032117865 1551 812
:-) Kun 422
-58.159038016348404 547.0090566246563 1263 964
:-) Kun 423
157.80355960511497 -549.0067055885581 1441 932
:-) Kun 424
785.0463009873658 236.14603602651437 1455 1010
:-) Kun 425
-49.81481014082419 -472.8718161395266 1369 926
:-) Kun 426
116.44051312080137 -79.31237174406658 1467 885
:-) Kun 427
-697.5102983995695 -475.7634180501839 1560 964
:-) Kun 428
-869.245046726064 224.80619353482393 1418 1002
:-) Kun 429
92.48895904727306 368.67254607123823 1521 1041
:-) Kun 430
-17.71845545335043 193.4981446697559 1407 1096
:-) Kun 431
374.5128040333245 -653.84730496366 1245 938
:-) Kun 432
-24.13363901903233 135.16292444553414 1543 948
:-) Kun 433
206.6877788900856 -109.97310941732621 1494 970
:-) Kun 434
-317.7801845258065 343.8188250042351 1478 843
:-) Kun 435
516.1475981295337 -252.0331060999889 1285 1041
:-) Kun 436
-176.47281000212217 731.2694032920213 1586 896
:-) Kun 437
512.3998517628274 -50.015470369253876 1607 1073
:-) Kun 438
-499.28451333297306 191.20064565654525 1381 999
:-) Kun 439
739.9232629924413 346.6552580627301 1506 1052
:-) Kun 440
-264.2346516121879 -610.4111767153809 1807 947
:-) Kun 441
-283.2143561083599 193.76442811350535 1530 1033
:-) Kun 442
4.467189395438709 19.932119549167737 1476 1233
:-) Kun 443
-746.4586681734501 77.0758000741373 1346 894
:-) Kun 444
156.46326959885891 -627.9128550707456 1717 954
:-) Kun 445
287.0751109804578 322.6267272770765 1261 926
:-) Kun 446
-189.58448819586124 414.4472446913826 1323 964
:-) Kun 447
388.7410781416661 -98.9566669013775 1517 1037
:-) Kun 448
-165.95793898547186 -170.74277891250642 1439 1066
:-) Kun 449
343.6959096438702 750.0929960192884 1576 1042
:-) Kun 450
-106.77547314440221 183.28973480070408 1518 1129
:-) Kun 451
215.07466865765218 87.26423324145662 1239 959
:-) Kun 452
177.81626786698644 -316.719202610868 1331 946
:-) Kun 453
-638.7666242997058 -38.91626421557362 1493 903
:-) Kun 454
479.58741245738906 -230.18811228854906 1338 842
:-) Kun 455
-188.22916643990834 -471.2857261391475 1477 941
:-) Kun 456
47.19505327516754 161.21613740108137 1370 1067
:-) Kun 457
783.6226007350049 287.038944968524 1540 1042
:-) Kun 458
236.44610532152637 405.68580919571855 1512 1002
:-) Kun 459
-113.250673621244 -433.6975854636664 1702 1047
:-) Kun 460
392.898889802148 394.72269030064285 1579 1016
:-) Kun 461
-35.250382133767516 206.00582093024968 1300 977
:-) Kun 462
-156.8053696656243 -96.01370083394215 1605 1060
:-) Kun 463
-448.93158697050194 21.686897994086962 1367 947
:-) Kun 464
-212.58130333961344 -620.1441529371589 1500 1041
:-) Kun 465
275.8479506861381 403.6367909053861 1238 1102
:-) Kun 466
-51.359055005095684 523.3128440772598 1662 1040
:-) Kun 467
84.73915012162115 -261.9564407384861 1472 1091
:-) Kun 468
-613.93293460573 525.184128097603 1635 970
:-) Kun 469
52.52366804830399 331.82396247371685 1607 1061
:-) Kun 470
129.758514341848 -929.0770178709947 1402 925
:-) Kun 471
-241.78052951525933 -178.73464420422442 1377 1182
:-) Kun 472
-207.60543038808873 -14.535610505592444 1315 911
:-) Kun 473
-17.45171110263857 42.47393710978372 1340 930
:-) Kun 474
-478.9735994782153 644.5580901614032 1375 1035
:-) Kun 475
-288.63406114501277 -51.109323760901816 1348 1031
:-) Kun 476
-332.98872262997884 14.63022028012358 1700 860
:-) Kun 477
211.25149821300283 273.030535939155 1621 972
:-) Kun 478
193.11406141748216 -220.2297545399191 1375 830
:-) Kun 479
162.5627926957102 -279.30381732537865 1353 846
:-) Kun 480
218.02601024704177 14.606818238914684 1438 1035
:-) Kun 481
-247.86957092919226 -24.45965064626421 1333 993
:-) Kun 482
334.74399488786366 -87.60893958511986 1305 979
:-) Kun 483
316.24472201793674 167.30882793187675 1614 1138
:-) Kun 484
-294.17433639287515 -281.9872879317145 1884 941
:-) Kun 485
-313.8225610660139 142.80747774606084 1626 997
:-) Kun 486
170.28094534271895 418.4199260672906 1526 907
:-) Kun 487
380.75131854351594 -553.9058524945729 1621 1034
:-) Kun 488
-126.01701567397629 -213.68815693665647 1408 936
:-) Kun 489
339.5448542630627 -278.5493700792009 1637 941
:-) Kun 490
-316.68821995278904 -101.370492642194 1653 1136
:-) Kun 491
-526.8749618655019 78.45626238590899 1416 982
:-) Kun 492
879.2729655151284 -424.9862566391863 1493 961
:-) Kun 493
-310.36280435757317 71.7474183856823 1375 911
:-) Kun 494
-176.36879708802758 -99.73660097833067 1690 903
:-) Kun 495
-194.3721498841561 486.87900248147344 1402 1014
:-) Kun 496
402.03758844394383 88.79478768903437 1375 1045
:-) Kun 497
544.5503662600036 -57.862593633025085 1217 932
:-) Kun 498
-356.84511203645764 -608.6626444610871 1551 1165
:-) Kun 499
-406.6845156561477 319.3432479132982 1397 934
:-) Kun 500
-58.81314521817649 -440.03945739558014 1387 954
:-) Kun 501
-143.16520576832136 559.018020347286 1346 948
:-) Kun 502
-52.36909881296788 -653.1447954357751 1481 1066
:-) Kun 503
-10.797072265957013 -42.418292237684454 1629 915
:-) Kun 504
40.86011722773878 -607.6850266233757 1469 1063
:-) Kun 505
-706.1841087927436 -580.0427606146278 1482 1166
:-) Kun 506
374.95925675296485 -419.8114011855987 1742 1083
:-) Kun 507
-919.885328737314 263.045541189427 1473 969
:-) Kun 508
-557.8464399983543 -131.51676010066865 1187 1075
:-) Kun 509
-240.61997646629038 -223.53755427059195 1463 895
:-) Kun 510
-124.52205147450081 -279.767159611059 1324 921
:-) Kun 511
439.801680450867 148.15744220758916 1358 919
:-) Kun 512
-98.87042737504964 -839.8965160729691 1663 992
:-) Kun 513
105.62100957999155 127.92869272411554 1506 988
:-) Kun 514
-227.03571806107448 -261.4227398721637 1743 1012
:-) Kun 515
-522.0240321122808 -336.15536578646277 1568 953
:-) Kun 516
860.8140245426716 -527.7623546962311 1606 927
:-) Kun 517
-371.22727260591296 131.29266165192234 1642 1089
:-) Kun 518
219.44914563255134 531.2475218826683 1418 888
:-) Kun 519
198.63851770592305 395.45560704092304 1716 770
:-) Kun 520
-506.6146491301944 -58.285682815223595 1512 1062
:-) Kun 521
47.57402166296083 -337.0049962617916 1503 932
:-) Kun 522
80.34296011398351 -252.53945135333083 1485 812
:-) Kun 523
810.5409040354866 -57.06671594476575 1478 905
:-) Kun 524
-584.2452118344426 -186.64667552887022 1305 1044
:-) Kun 525
118.61346510012481 -559.1213308704312 1493 1067
:-) Kun 526
411.46292837602505 -361.8701377924483 1389 1049
:-) Kun 527
69.96136665279255 -252.6449604092528 1653 1037
:-) Kun 528
165.1986817600689 -364.98809687419805 1390 699
:-) Kun 529
152.61431753627198 -91.80320411973617 1649 1072
:-) Kun 530
284.2703061014395 -67.81637429227135 1188 1060
:-) Kun 531
214.17364921915237 -497.0961972786433 1409 1010
:-) Kun 532
338.31379107334214 -389.1409812053424 1669 1081
:-) Kun 533
-359.6482436129447 179.80985311717836 1491 1163
:-) Kun 534
920.4432158723425 -402.20666053375226 1178 1074
:-) Kun 535
-464.5110631902186 -209.863315337955 1495 976
:-) Kun 536
348.62330746312773 62.366926474610636 1517 1038
:-) Kun 537
60.027232066936676 -305.21789389438686 1295 994
:-) Kun 538
72.02763272943116 442.84832047410146 1645 1001
:-) Kun 539
-519.732894118228 -336.20092347376965 1391 1125
:-) Kun 540
407.47672523371057 66.32237096584845 1020 1105
:-) Kun 541
264.8445138958534 -115.73953562179747 1364 1202
:-) Kun 542
-280.7393158349886 -118.84854649283204 1687 826
:-) Kun 543
503.3451442603009 -78.43462476384309 1639 908
:-) Kun 544
319.3877909249686 -321.31056539200677 1144 876
:-) Kun 545
-294.7507798248703 -135.58076861632617 1383 1095
:-) Kun 546
536.0651921439396 -1002.4135401370115 1392 1165
:-) Kun 547
-145.28946888337236 441.2193152697373 1507 930
:-) Kun 548
-1370.6551809261787 73.58794373557566 1558 1053
:-) Kun 549
-501.7015895028464 442.96089914622735 1583 1038
:-) Kun 550
240.7309042738807 635.8626172260622 1344 1044
:-) Kun 551
260.59292256576873 120.87079102367625 1661 962
:-) Kun 552
-87.43192179171831 -497.61836251850036 1564 976
:-) Kun 553
-472.2597119307619 -20.214439276232838 1677 1115
:-) Kun 554
446.74374995788685 484.5276179741727 1402 1031
:-) Kun 555
1168.3818103312187 484.02663151908564 1506 1086
:-) Kun 556
-255.8186052422094 203.87021346645201 1546 757
:-) Kun 557
77.33360164996338 -139.4549328109315 1664 1071
:-) Kun 558
17.18128988945773 -213.87969947291958 1448 1023
:-) Kun 559
-238.82291294410197 1.9876804859399044 1480 981
:-) Kun 560
260.3997865959643 -413.57806339864123 1603 1144
:-) Kun 561
-214.03480820049685 -248.02168786392258 1557 927
:-) Kun 562
-394.31611205289187 -76.14309501300306 1695 920
:-) Kun 563
305.44789942414263 -241.42715905211355 1470 992
:-) Kun 564
364.3970191143226 -289.5974164023362 1417 1169
:-) Kun 565
385.7221892255202 106.97594309221813 1404 1233
:-) Kun 566
-13.795788698679416 -157.58868557301184 1391 1044
:-) Kun 567
56.22533961035788 -78.51667528150676 1605 1022
:-) Kun 568
-331.83140402741924 259.4193138518058 1250 870
:-) Kun 569
-313.50067911009705 -259.1850211368154 1603 1079
:-) Kun 570
84.88945421007747 145.13981654895133 1559 1136
:-) Kun 571
374.89587226642607 455.7201127196088 1360 1164
:-) Kun 572
116.20135475795337 657.8576559075098 1325 750
:-) Kun 573
544.2465018748517 -111.20616156330311 1741 1096
:-) Kun 574
-353.7110461771025 -35.94435672129123 1494 968
:-) Kun 575
-132.0366649608344 46.600105471039114 1656 980
:-) Kun 576
-494.8906364944577 123.42996597890783 1480 1070
:-) Kun 577
-35.96087785878228 -48.124447433364026 1365 1100
:-) Kun 578
189.9359895136297 426.07611439543416 1474 1020
:-) Kun 579
26.761151816408983 -705.8775020897313 1605 955
:-) Kun 580
28.434982461526943 -75.31834203964206 1661 1026
:-) Kun 581
-562.3518676082842 -116.46879624134738 1322 962
:-) Kun 582
-126.46365569617058 740.8884782621117 1697 1023
:-) Kun 583
471.96508540831246 -192.0140778109378 1627 960
:-) Kun 584
-698.7572625284747 -282.8023878353878 1588 971
:-) Kun 585
-402.07748586753826 170.98568689778858 1430 1054
:-) Kun 586
-233.5883148584071 -176.00606215237883 1469 1048
:-) Kun 587
-1200.9352213586778 28.985486648624374 1760 1074
:-) Kun 588
434.51516035316763 151.36800548874794 1620 1010
:-) Kun 589
-291.9476300747025 503.9155310082708 1649 861
:-) Kun 590
141.67309449199797 482.74392893603067 1601 991
:-) Kun 591
68.37281154437937 168.10404081169304 1542 982
:-) Kun 592
657.0350122159211 -1017.015319227916 1743 920
:-) Kun 593
-256.24983263310423 167.21150661847355 1692 999
:-) Kun 594
75.54819439358675 333.2648212947265 1487 1059
:-) Kun 595
-68.812612759692 100.26436901029251 1457 1017
:-) Kun 596
-441.2017528353806 64.17426917995249 1698 1152
:-) Kun 597
-16.961451482107123 237.0476438196224 1497 912
:-) Kun 598
-586.3007518755932 -496.5384053436554 1508 946
:-) Kun 599
150.47884052309473 -820.3774897204672 1782 1077
:-) Kun 600
-779.2521846293273 489.47340256157054 1320 887
:-) Kun 601
-625.0131043699596 -84.68430428408237 1516 1019
:-) Kun 602
-137.13563816539772 -202.58408529824374 1466 1089
:-) Kun 603
-404.9850437341918 253.48762232720378 1381 1038
:-) Kun 604
-139.6167184611013 -264.5042979275654 1788 1072
:-) Kun 605
-366.3253764000252 -235.88612812995416 1655 919
:-) Kun 606
329.05181681024897 -216.05537221333645 1434 1015
:-) Kun 607
-555.5701599564679 339.64143362917775 1619 962
:-) Kun 608
117.46193773966411 262.9853087226984 1453 925
:-) Kun 609
-122.07639264280499 -328.80750492990217 1284 902
:-) Kun 610
589.3055360488495 259.960014036051 1640 1044
:-) Kun 611
-164.74651653340425 -67.58226837412383 1615 946
:-) Kun 612
-369.13654100038934 -988.7936314458448 1475 1144
:-) Kun 613
-180.62934109483103 -799.674820204775 1343 928
:-) Kun 614
570.34851423947 763.8453893728074 1310 1021
:-) Kun 615
-244.59015910270728 -758.2735966658803 1457 966
:-) Kun 616
313.4195951363713 -245.21856863548896 1654 817
:-) Kun 617
211.61625086863546 -919.5642264531576 1469 803
:-) Kun 618
316.4837286565312 -196.11376303549878 1326 1003
:-) Kun 619
249.9949189808674 -139.0291585044581 1666 1025
:-) Kun 620
199.2743727836321 -188.11816415828093 1529 1154
:-) Kun 621
130.36883665156688 -188.61194293051415 1543 1046
:-) Kun 622
350.366457082421 -903.7373476114328 1529 903
:-) Kun 623
-267.1117594513232 623.340825153904 1435 974
:-) Kun 624
-290.7004562519942 71.20649803818674 1642 977
:-) Kun 625
-314.8525264570569 185.88889651364616 1576 1001
:-) Kun 626
598.034384372685 344.09843371328384 1576 825
:-) Kun 627
156.9868152311144 136.07062790434384 1588 1058
:-) Kun 628
-441.42372423278016 278.75036485825876 1498 981
:-) Kun 629
-475.34444254235314 -882.1681117078011 1498 998
:-) Kun 630
-228.01495194786162 546.4224642721006 1526 1069
:-) Kun 631
486.95282707161005 460.1414386748611 1589 967
:-) Kun 632
-145.30141177158066 169.90210655563806 1733 930
:-) Kun 633
1082.0017005165782 499.1686891216791 1420 1025
:-) Kun 634
-158.3439193999368 162.8547443676987 1739 1106
:-) Kun 635
490.543313766078 654.0365242120088 1471 815
:-) Kun 636
-211.59963199992967 768.7394328493549 1404 1110
:-) Kun 637
-9.63014717912938 451.3250631124456 1176 837
:-) Kun 638
-505.48265829916284 -389.83243532793676 1502 1037
:-) Kun 639
-26.44544802030805 -262.0543178868123 1597 801
:-) Kun 640
45.815239430363135 -181.64585222154074 1544 942
:-) Kun 641
335.06186157745833 -475.13448615583127 1467 1092
:-) Kun 642
-188.73598343386948 568.1855467621799 1760 1024
:-) Kun 643
120.00842789026365 235.1875419842604 1552 1151
:-) Kun 644
224.82439780900154 476.3916500457972 1442 903
:-) Kun 645
591.0936773438416 330.014665944992 1579 1015
:-) Kun 646
90.76600001037832 262.3764685480976 1547 892
:-) Kun 647
-186.44777952223376 49.574929891839474 1561 791
:-) Kun 648
-659.1239841840223 -305.6744949760704 1468 1118
:-) Kun 649
626.7284393352184 243.86572098847546 1524 904
:-) Kun 650
37.289652260540606 285.2746859046704 1577 903
:-) Kun 651
224.4768824013247 -477.4714771366854 1449 884
:-) Kun 652
-178.66169469642136 -651.3555305996158 1285 1000
:-) Kun 653
-869.7470413096984 637.5678373636122 1515 890
:-) Kun 654
-329.04253088708424 -96.11967713931983 1571 1158
:-) Kun 655
257.0607594993171 360.53588460609785 1635 1008
:-) Kun 656
552.660672792633 -118.53961495718056 1558 1039
:-) Kun 657
522.4126131062903 95.12010112435519 1610 885
:-) Kun 658
-347.14441533768786 -497.3174351299431 1435 979
:-) Kun 659
-354.3196531648073 200.4527168993077 1392 1215
:-) Kun 660
-214.9677420050964 89.45934180455174 1560 897
:-) Kun 661
-266.7567083567375 -508.0870528840107 1314 954
:-) Kun 662
274.7692211647011 -436.78056000888785 1438 871
:-) Kun 663
268.3389174342137 265.36324361284096 1147 861
:-) Kun 664
364.0067081993318 -202.10753771963834 1548 1045
:-) Kun 665
740.4328743867359 -252.24600939893378 1249 930
:-) Kun 666
-660.053185973849 -46.79843251392765 1538 1159
:-) Kun 667
-268.960854118416 380.7214782726264 1296 838
:-) Kun 668
478.9450587616743 -670.5405429538612 1568 1089
:-) Kun 669
-31.422956370815655 251.67914466480715 1574 1039
:-) Kun 670
-299.21002673648616 101.02427037386133 1425 1095
:-) Kun 671
-56.665378920235185 445.6867729849271 1564 944
:-) Kun 672
-0.10112903316769462 -12.231961821239452 1546 1060
:-) Kun 673
-48.55663617139271 -241.15843834860664 1254 954
:-) Kun 674
-135.89725367878532 -810.5639285958024 1499 1016
:-) Kun 675
723.8012501140815 -386.0858483286222 1385 959
:-) Kun 676
-89.8712463067892 624.6243166450126 1455 1025
:-) Kun 677
-191.98030374866607 217.3260535844895 1600 1055
:-) Kun 678
120.85608180777126 -326.24307673917474 1473 1026
:-) Kun 679
-262.0432938858804 296.07458825685967 1685 857
:-) Kun 680
184.68996953257147 6.687635850795232 1679 1023
:-) Kun 681
-1366.674685799901 698.7194829529872 1265 1077
:-) Kun 682
-445.72906638484756 -627.2839004767422 1266 1013
:-) Kun 683
58.082711487142205 522.2086554145105 1754 967
:-) Kun 684
-168.36942844020825 -108.64797764859065 1437 986
:-) Kun 685
-383.72848833944363 -98.44282836531602 1557 969
:-) Kun 686
-42.816002714001 -285.9728871936784 1383 738
:-) Kun 687
-368.7612730272032 586.8563875177515 1602 980
:-) Kun 688
293.36770198460067 -238.8321222421415 1529 1009
:-) Kun 689
7.518938386270065 -493.28749184110046 1115 967
:-) Kun 690
144.18416827132387 273.0093607634153 1220 1065
:-) Kun 691
-509.78572700840886 143.52567615272528 1598 1033
:-) Kun 692
93.24627423332231 441.5607376995945 1852 948
:-) Kun 693
350.4458987288599 -359.35161294020736 1511 1182
:-) Kun 694
910.130274494802 231.25818166716545 1553 1090
:-) Kun 695
-794.5250139179028 -680.3916463786848 1532 979
:-) Kun 696
637.7008739134001 400.68879834206723 1624 1046
:-) Kun 697
320.80482691829184 -303.5402433370368 1297 1242
:-) Kun 698
696.0356232177751 -708.3500091382979 1515 1087
:-) Kun 699
-383.24731128407564 -354.02253532183954 1735 923
:-) Kun 700
-188.7055252844575 -340.1913288442604 1541 1051
:-) Kun 701
-601.2860644213864 656.2988148615971 1617 1122
:-) Kun 702
-497.628142005294 1009.8761982325789 1766 1031
:-) Kun 703
-450.44318817606063 -217.40133476993958 1435 873
:-) Kun 704
-263.069938416897 113.03089809763992 1471 1157
:-) Kun 705
183.1175629873669 -14.342642628274803 1309 995
:-) Kun 706
-344.7153797130642 -515.0936246655285 1700 1178
:-) Kun 707
283.54343801770983 -259.1999385945551 1438 803
:-) Kun 708
531.4390442252088 324.60481225306967 1594 1000
:-) Kun 709
51.49308464643832 -408.9140803965446 1384 874
:-) Kun 710
78.52571449839252 480.2026084496149 1631 697
:-) Kun 711
-541.6610387028212 158.4907626158913 1424 899
:-) Kun 712
-546.2199785231984 305.6260773610402 1374 1077
:-) Kun 713
106.70656904755242 -756.8791528163947 1363 1123
:-) Kun 714
-325.6338670927835 -159.34916889163378 1274 988
:-) Kun 715
-339.58877479520413 -255.21783663685903 1505 886
:-) Kun 716
374.6697316846014 328.6305417185172 1349 819
:-) Kun 717
0.8623162498594183 106.44116744267103 1599 1066
:-) Kun 718
554.854734873209 -427.77890592602694 1449 1036
:-) Kun 719
380.59474107947835 482.7548004319942 1484 971
:-) Kun 720
-190.86568759613272 -82.08809536139745 1569 905
:-) Kun 721
-445.8160028695281 -349.1690476157172 1511 722
:-) Kun 722
358.8868843264761 477.4480884602606 1531 987
:-) Kun 723
-53.499998194638124 -40.93538821592233 1305 1098
:-) Kun 724
-443.6858266986195 267.92941421577734 1348 974
:-) Kun 725
4.16443917504489 432.9924294412658 1542 1085
:-) Kun 726
-303.18306914510515 -365.92341015997124 1451 907
:-) Kun 727
22.58852932875095 -491.02606952112967 1511 966
:-) Kun 728
395.84387157764786 -499.311183826342 1531 838
:-) Kun 729
-1001.5224145147056 446.44960847399557 1598 952
:-) Kun 730
292.75533451625415 -57.78793354200593 1676 1231
:-) Kun 731
-465.7523747324376 -568.0033843945774 1456 932
:-) Kun 732
48.926331907345684 -169.48555607857475 1569 865
:-) Kun 733
-252.5312606067273 99.42910793932288 1543 985
:-) Kun 734
-211.53743998093353 13.6762419297512 1438 827
:-) Kun 735
388.7442497465606 202.95811919047378 1177 1123
:-) Kun 736
-1027.5011032237176 149.2444341356786 1484 1162
:-) Kun 737
-404.30761424322236 188.56122357117692 1704 1105
:-) Kun 738
-238.9610269905819 48.36624196898015 1350 806
:-) Kun 739
-578.644161408258 -54.282817652038716 1367 1028
:-) Kun 740
575.7281957074074 -492.0094875482823 1479 1045
:-) Kun 741
-318.02765726323173 -681.7089843017635 1300 825
:-) Kun 742
659.1008805452886 -391.82876557589873 1646 1120
:-) Kun 743
436.80455091555723 598.2976549902048 1595 1084
:-) Kun 744
-297.30836097660347 -31.36049955146109 1406 1069
:-) Kun 745
32.491667128645076 -118.74644259380045 1755 1047
:-) Kun 746
86.9224592187868 218.799064250308 1557 954
:-) Kun 747
352.7669554183499 140.23695339207438 1328 1047
:-) Kun 748
152.7287721175394 -365.8988699914448 1299 1062
:-) Kun 749
-150.96463682135072 297.1461802975382 1617 763
:-) Kun 750
574.7909650585866 13.00268522290105 1495 940
:-) Kun 751
271.5521681375624 594.3461989909392 1522 1028
:-) Kun 752
-0.9391851679200727 26.26873703860724 1373 942
:-) Kun 753
234.10227375023965 -400.49486689877904 1646 1004
:-) Kun 754
305.9350808794875 -674.604893450472 1712 936
:-) Kun 755
111.1328754772976 394.24773018285396 1454 1088
:-) Kun 756
-82.4702172912938 -176.01473337834 1630 1191
:-) Kun 757
-271.4936140338783 -393.9856857055447 1607 972
:-) Kun 758
-296.46411023655673 -267.5711932828375 1622 1018
:-) Kun 759
-54.199760900017736 14.510908940996046 1561 855
:-) Kun 760
894.8675117559783 263.7183586883241 1652 1006
:-) Kun 761
1005.0326232103387 175.98369453114447 1464 1288
:-) Kun 762
-44.81357840914302 -612.9218869139868 1918 976
:-) Kun 763
23.64282801955744 -340.6972190157444 1389 1060
:-) Kun 764
-201.6565939403206 -512.1649135968278 1497 1051
:-) Kun 765
-56.33252472877757 208.31420482608996 1584 1095
:-) Kun 766
-21.791917544878743 -508.8726745311575 1732 880
:-) Kun 767
-840.6120248821729 218.06349495368045 1725 970
:-) Kun 768
458.5552135902408 -47.419409371345864 1582 969
:-) Kun 769
123.0912472988191 -226.42878645459177 1494 1201
:-) Kun 770
-95.40531008657604 352.3422340609029 1376 938
:-) Kun 771
-212.3238412390067 -53.79603445370526 1606 1058
:-) Kun 772
-31.724455317565116 -243.29504529246844 1704 852
:-) Kun 773
97.46806292083943 400.5195534814625 1369 954
:-) Kun 774
43.100344758806614 -621.0821794840325 1522 1038
:-) Kun 775
645.0924644016591 234.88122627739153 1580 903
:-) Kun 776
-329.0722375023937 -883.17507783025 1729 936
:-) Kun 777
229.47216843107367 -353.8540052321388 1373 917
:-) Kun 778
-349.532866398533 73.6308460047635 1315 978
:-) Kun 779
-96.44298081719785 -651.9970479924449 1671 938
:-) Kun 780
892.820520296292 -128.9420204270391 1631 1016
:-) Kun 781
429.04498969116776 -94.65227579786188 1695 1072
:-) Kun 782
-50.91726588263532 462.5359900861008 1331 916
:-) Kun 783
113.869855066745 -114.05047855148553 1369 936
:-) Kun 784
67.99564982118159 -190.424547758686 1246 1013
:-) Kun 785
-279.51726901570817 -158.78171638666447 1617 1000
:-) Kun 786
251.29160803484 -139.62230734621744 1516 1151
:-) Kun 787
-421.41754968448197 249.17202778977253 1360 805
:-) Kun 788
151.91927323272284 -339.2723348601305 1470 1066
:-) Kun 789
123.34040405559017 -170.5074506704043 1403 762
:-) Kun 790
-305.5894412658954 -109.05554382121875 1301 1133
:-) Kun 791
1069.0607047001195 157.91066865658058 1639 882
:-) Kun 792
-221.57488304921378 570.1354872768522 1544 895
:-) Kun 793
261.73791785722165 -578.6268168326284 1471 850
:-) Kun 794
-370.1960571611122 748.8253363095387 1605 1138
:-) Kun 795
145.8625946357456 675.5256306550052 1461 915
:-) Kun 796
996.0551645859275 -766.7613456157743 1592 931
:-) Kun 797
296.611812366031 780.2611085069761 1405 1134
:-) Kun 798
-223.85314689757638 176.67609171815593 1429 946
:-) Kun 799
139.27977890557645 206.49527553173903 1662 926
:-) Kun 800
126.02519951192926 -544.1597301832351 1613 1132
:-) Kun 801
-366.5514216136935 593.533608200572 1452 1065
:-) Kun 802
-40.393313963888886 -94.45407139401846 1598 934
:-) Kun 803
209.0725871482989 201.67569653897158 1375 1192
:-) Kun 804
-250.37115125679497 547.9827297276584 1434 858
:-) Kun 805
8.353520786462127 97.81621984892809 1549 1151
:-) Kun 806
-48.30926849056789 759.9619789234389 1463 1046
:-) Kun 807
114.04039727642544 185.0682095544355 1235 965
:-) Kun 808
-591.4634768271756 -3.186055312029225 1492 905
:-) Kun 809
153.55897447361463 -259.96365952332576 1511 1165
:-) Kun 810
358.54416041559625 -374.4478083918226 1340 1012
:-) Kun 811
-96.59844349774664 -526.2565954181397 1365 960
:-) Kun 812
-268.2332249622589 -135.94760235790034 1300 1016
:-) Kun 813
-478.22980180108755 516.2103728473028 1676 1074
:-) Kun 814
973.5391131955112 -254.93001559443826 1665 826
:-) Kun 815
269.6018346601131 -245.2736355623773 1327 1083
:-) Kun 816
120.22625799392017 99.27447991125905 1759 1098
:-) Kun 817
536.5221209293888 473.7755031161387 1438 1000
:-) Kun 818
-423.01814840468046 -164.19838127190724 1516 1040
:-) Kun 819
190.39125633031813 14.501823667608278 1695 884
:-) Kun 820
-7.2849963697397015 88.69258902373713 1675 1032
:-) Kun 821
219.9612371402302 -1235.5483606014684 1518 1183
:-) Kun 822
-201.61822821193425 247.36865347874414 1480 1241
:-) Kun 823
-209.08466107222262 -62.737450300688806 1838 1012
:-) Kun 824
509.5618910431265 -50.63470860604309 1671 990
:-) Kun 825
-764.1305626835413 -712.8858987083365 1334 1053
:-) Kun 826
217.9150452449294 527.7020071546203 1815 1014
:-) Kun 827
-753.3620507995212 -116.2163242905599 1260 1016
:-) Kun 828
-379.5985406786249 654.9152662582774 1438 1039
:-) Kun 829
-93.28386345904494 357.1377172521611 1481 958
:-) Kun 830
-1365.917053401086 253.69624234034382 1577 1074
:-) Kun 831
331.03303374773395 -446.6479900760553 1343 983
:-) Kun 832
-109.10824343420404 -1.411023394743097 1203 874
:-) Kun 833
-435.8336403970468 -266.5078493407401 1313 1136
:-) Kun 834
449.1165957277251 -621.2853502661936 1564 841
:-) Kun 835
-325.3095008187645 -347.76110791019505 1305 1049
:-) Kun 836
828.26827701754 442.58861424934776 1623 1183
:-) Kun 837
-523.3788809899272 352.59810086906737 1469 913
:-) Kun 838
-167.04363260808668 677.3399203101571 1594 1110
:-) Kun 839
137.81842111183846 -427.12900822340384 1487 1024
:-) Kun 840
427.50911238211665 -635.6111384920591 1435 1048
:-) Kun 841
650.8057497432765 29.361390886056824 1657 909
:-) Kun 842
-263.06754919366404 -342.67121175350326 1543 960
:-) Kun 843
91.70260754778928 419.35628387052884 1559 808
:-) Kun 844
-143.47816299912165 -249.16915312550304 1721 1004
:-) Kun 845
-556.90953940864 62.915070903190326 1672 1073
:-) Kun 846
-47.43746800445501 -195.683978874687 1410 893
:-) Kun 847
-703.6662796752626 -254.61985305831195 1470 731
:-) Kun 848
321.8108160939262 158.36743118846448 1549 1068
:-) Kun 849
827.6819840769035 -542.4123828582606 1538 1098
:-) Kun 850
-589.4224108752919 165.09260851864065 1297 1011
:-) Kun 851
40.85839067564166 3.663663716979954 1391 1012
:-) Kun 852
299.3121136897603 808.4893260320175 1511 918
:-) Kun 853
298.9207886978511 -92.92931642967267 1744 887
:-) Kun 854
-609.6352225736321 292.90429564635997 1533 922
:-) Kun 855
503.1593079648119 445.4673941099611 1517 802
:-) Kun 856
361.86099360512026 -213.43096764493134 1408 1056
:-) Kun 857
224.5040471896507 -142.28636732489554 1682 1094
:-) Kun 858
-217.2441629901739 -277.04970022964585 1398 907
:-) Kun 859
-162.88803370022788 224.16948261583184 1437 1130
:-) Kun 860
408.31053386914823 523.2402198949476 1398 844
:-) Kun 861
-340.65786650766177 642.3504034425005 1473 1091
:-) Kun 862
354.8415786733442 -219.80920811541637 1489 804
:-) Kun 863
200.00626512213375 -81.03381675607989 1562 1039
:-) Kun 864
-329.6141278822755 -254.89302091592094 1491 1074
:-) Kun 865
-448.62759085928064 -207.21156037488845 1687 1098
:-) Kun 866
-427.77475442017374 -159.9585219960719 1200 1202
:-) Kun 867
-475.5674680773202 520.3816593511351 1578 946
:-) Kun 868
-336.08421019411537 184.39734626766676 1317 1201
:-) Kun 869
209.50085688251124 -367.0465808150758 1273 1009
:-) Kun 870
-638.5665710143223 130.71180354456374 1472 1187
:-) Kun 871
-133.83544163582917 -683.3370366174163 1436 1037
:-) Kun 872
264.5056417144692 -931.686814079682 1334 1086
:-) Kun 873
-1.740880012534717 315.10883059806974 1681 924
:-) Kun 874
-597.4693452047571 653.7104464899176 1587 1033
:-) Kun 875
352.5405781181694 -380.6430894590328 1421 1034
:-) Kun 876
-102.833450784648 -373.03887020868945 1510 1109
:-) Kun 877
-120.11341318929544 519.03737071569 1501 1136
:-) Kun 878
-417.6617257017783 290.1926322780073 1675 983
:-) Kun 879
914.6397183689637 554.5870475776285 1737 987
:-) Kun 880
-369.80458304182423 294.3993439640549 1589 982
:-) Kun 881
326.54726754153353 450.27736544634627 1319 857
:-) Kun 882
535.5475455381968 -603.8774193547301 1535 996
:-) Kun 883
319.6334120087208 -755.2036459524744 1637 907
:-) Kun 884
-340.1979976334037 -15.310738391852396 1468 1152
:-) Kun 885
308.16456033153554 255.31369275017846 1535 1216
:-) Kun 886
-183.77429560579822 -487.9622921486533 1742 1023
:-) Kun 887
435.231755878629 76.8867800029509 1274 854
:-) Kun 888
-193.37377464576048 -112.62066909355212 1236 1093
:-) Kun 889
547.4200279179408 101.46707362340862 1394 1163
:-) Kun 890
-134.181625179388 -539.2281932149928 1413 846
:-) Kun 891
545.6381830702901 -419.01250101660185 1547 1040
:-) Kun 892
753.9373477919221 59.69255035682045 1410 1083
:-) Kun 893
-59.12363275826317 78.30402091431233 1429 764
:-) Kun 894
478.5003909910215 -353.5763600805327 1733 982
:-) Kun 895
-34.42764732156718 472.93430619852415 1508 1023
:-) Kun 896
-49.7342709051029 -105.3942470851672 1644 960
:-) Kun 897
-101.60133436056765 167.23861016440037 1391 1016
:-) Kun 898
30.823273527193123 -13.908936942072728 1452 1093
:-) Kun 899
4.640134195552946 -733.9037671263648 1508 1036
:-) Kun 900
391.01017890638605 -443.3841140375621 1447 1091
:-) Kun 901
-195.6520311856109 -124.62402693614354 1712 964
:-) Kun 902
227.37735006449566 -217.48871403834505 1709 889
:-) Kun 903
419.07294684545195 150.74456247715807 1548 1062
:-) Kun 904
86.66454194429252 372.2508040933053 1559 888
:-) Kun 905
234.3129590003 341.6309838037437 1480 1048
:-) Kun 906
-160.78089139173153 -276.5558894784258 1709 1033
:-) Kun 907
-158.2209672915634 -372.9671904088518 1570 948
:-) Kun 908
-469.7154296911565 315.51813341442175 1509 1002
:-) Kun 909
-450.2473720886469 133.5046430413695 1434 971
:-) Kun 910
-161.63552284692287 592.0966842794983 1507 1148
:-) Kun 911
-281.042038468335 -833.5615138066157 1725 992
:-) Kun 912
-233.75949022481927 264.5389315612249 1592 1092
:-) Kun 913
-26.670355954903243 201.491944202304 1396 935
:-) Kun 914
-737.2239464558439 -0.5180604091196983 1613 930
:-) Kun 915
411.62502212624986 -922.0398953827514 1549 991
:-) Kun 916
757.4873792084265 -205.9351827843052 1563 1008
:-) Kun 917
178.51897335765284 110.59797496956048 1468 928
:-) Kun 918
207.0840018113504 -373.79537525255614 1363 1062
:-) Kun 919
323.8436965495948 -134.96268978223566 1545 1060
:-) Kun 920
-681.5299430126722 -409.2293632614251 1306 875
:-) Kun 921
-37.07559184927595 457.47351098121567 1705 925
:-) Kun 922
-21.810123260943328 -469.54968180529045 1537 1070
:-) Kun 923
-635.5863913568617 -254.95402286797275 1568 1064
:-) Kun 924
174.70525766871515 270.1676986361292 1808 1003
:-) Kun 925
201.16561427953047 410.72113108384474 1326 1059
:-) Kun 926
279.8662907143121 -639.4338497866763 1643 1027
:-) Kun 927
21.798128114356814 -244.7221153367136 1390 967
:-) Kun 928
52.93468129238727 -57.40532526878815 1463 1030
:-) Kun 929
449.4200730653804 241.09643517883728 1711 1041
:-) Kun 930
-229.96902599668636 325.1750491652276 1389 837
:-) Kun 931
460.58340851529965 -620.3090229163893 1658 755
:-) Kun 932
1150.5440293020065 515.1355065077746 1413 1021
:-) Kun 933
-708.0408794315563 -627.8105611902636 1304 1130
:-) Kun 934
487.23166122526845 -245.89629245512913 1434 1035
:-) Kun 935
443.5767951299281 -517.1177072588041 1609 1243
:-) Kun 936
-168.1505063348543 -84.12339436394859 1203 1083
:-) Kun 937
-351.3868095723801 -123.54362970440116 1479 1116
:-) Kun 938
211.14067689857097 935.1284352318366 1554 958
:-) Kun 939
437.35726378088066 38.822291943918344 1912 1051
:-) Kun 940
395.5381490729792 23.873123819584634 1049 1012
:-) Kun 941
171.0465868522872 -83.58698794480642 1697 860
:-) Kun 942
239.24488868812455 -504.44513184535816 1189 1002
:-) Kun 943
882.1842250708714 -304.78301878112893 1330 908
:-) Kun 944
-65.3606060431431 -123.43678666463052 1171 853
:-) Kun 945
-407.36025663533337 -74.01971140811088 1544 1199
:-) Kun 946
278.2132931311462 -577.3645501986423 1490 958
:-) Kun 947
67.75073634175442 -548.5645972282462 1366 1009
:-) Kun 948
-273.5388571307117 -128.36674993527026 1447 1109
:-) Kun 949
-841.4940660228646 439.56147713335395 1465 1052
:-) Kun 950
509.8935266215135 -42.107360697129366 1603 831
:-) Kun 951
514.730042014364 -321.6162624376004 1621 1142
:-) Kun 952
60.126284331562374 -551.1296017537504 1630 1120
:-) Kun 953
29.158902466645714 -407.1992465380198 1533 1104
:-) Kun 954
609.289107961871 -25.423017637691032 1665 1193
:-) Kun 955
651.3648522514691 254.70948240446887 1290 973
:-) Kun 956
678.6923459818786 -90.41012094417397 1574 1068
:-) Kun 957
130.696955190092 474.8217850927367 1476 926
:-) Kun 958
260.79189527890503 -354.57129952527134 1423 1029
:-) Kun 959
132.87434237584966 371.89148111909844 1505 898
:-) Kun 960
-267.5312429922569 355.95679435473903 1049 1007
:-) Kun 961
-309.69122963880864 307.0655131763326 1838 804
:-) Kun 962
740.8946421749995 132.28721164337594 1551 1092
:-) Kun 963
288.8279925108377 517.5769380931986 1622 913
:-) Kun 964
-152.24099441451563 -510.12287837359025 1623 1156
:-) Kun 965
573.0743014223913 235.07187888651924 1694 744
:-) Kun 966
344.6440355142154 163.3447090443874 1350 1016
:-) Kun 967
90.62937246207184 -58.96628898346523 1761 829
:-) Kun 968
362.80248710600904 247.92972697598293 1298 914
:-) Kun 969
-526.2780278049274 108.4763239957133 1449 1021
:-) Kun 970
164.04160535980645 -541.4685795524775 1709 1003
:-) Kun 971
254.23865024600104 -75.38116011658849 1604 875
:-) Kun 972
-468.6589528867928 -572.7895011303478 1643 1099
:-) Kun 973
27.36391796679527 -674.688678734581 1259 1088
:-) Kun 974
13.321545774447713 -543.9238189143726 1717 1055
:-) Kun 975
165.94997522976473 301.1238034933456 1694 1017
:-) Kun 976
-33.34798975039291 326.71526743847835 1716 873
:-) Kun 977
170.80649518115592 -238.08127962222 1628 973
:-) Kun 978
821.7733303676655 4.811503559270591 1442 1020
:-) Kun 979
276.75839646196346 813.7112259604662 1505 1035
:-) Kun 980
234.08844348264824 -487.7577105039702 1706 885
:-) Kun 981
-152.6131638812019 -835.2206017995459 1049 1123
:-) Kun 982
-453.7328235102042 -779.8126771849145 1488 990
:-) Kun 983
652.089393483084 -319.4429538251052 1408 924
:-) Kun 984
627.0430056593211 283.0126033944848 1346 1181
:-) Kun 985
-606.1781134460767 -343.0853677298751 1314 1069
:-) Kun 986
35.75652573335424 44.309514134867186 1231 1180
:-) Kun 987
457.57728311620576 736.6945359300857 1484 1075
:-) Kun 988
362.1222413474047 -377.50219402055757 1490 1141
:-) Kun 989
-315.9641480044421 -1036.4990424954635 1478 926
:-) Kun 990
11.924453499832453 -129.13984566892861 1437 727
:-) Kun 991
342.3115355450741 -4.932050916246794 1375 862
:-) Kun 992
570.2752512643419 -123.26761800980205 1530 1104
:-) Kun 993
163.3037950590376 33.47031069101331 1558 1119
:-) Kun 994
-424.23156648310237 -151.46734927255534 1566 941
:-) Kun 995
492.2758340120374 -255.51908893170514 1441 913
:-) Kun 996
-223.9334014735707 -853.7863851357564 1365 1106
:-) Kun 997
593.4716510738608 -237.82237774186183 1628 1041
:-) Kun 998
-688.4860541882358 -333.97884554523534 1678 1113
:-) Kun 999
-357.19997976992545 12.385173003408681 1314 972
:-) Kun 1000
-223.72215287986364 -129.8618165658154 1407 807
:-) Kun 1001
-327.5359967341867 -281.2365033295164 1890 922
:-) Kun 1002
-555.6155267432924 336.0789448514063 1221 1165
:-) Kun 1003
173.07513016133134 506.49051406047124 1630 958
:-) Kun 1004
145.2374881592466 -296.3650983040675 1309 1042
:-) Kun 1005
278.6603567420866 123.12385550271188 1540 893
:-) Kun 1006
-77.82275402289088 -126.97479297255961 1402 849
:-) Kun 1007
-235.61315996062808 -494.751671329437 1494 848
:-) Kun 1008
927.1804636234103 -10.134291114437247 1395 990
:-) Kun 1009
292.320866305005 -117.9552690646683 1366 861
:-) Kun 1010
-5.224457415756433 443.0820593899184 1466 1063
:-) Kun 1011
269.47648753184126 -879.1084927547317 1253 965
:-) Kun 1012
-435.1462323378249 -136.94258463315145 1298 1111
:-) Kun 1013
77.75458103395567 62.50663481579113 1584 1011
:-) Kun 1014
704.0668779390508 293.4473193054728 1679 1014
:-) Kun 1015
-46.97556708090406 -842.2460012094286 1790 957
:-) Kun 1016
-209.76697766281757 49.44286111465976 1022 972
:-) Kun 1017
111.57076705723853 -821.226247192512 1555 977
:-) Kun 1018
-217.264664476804 -671.0088194590987 1666 1032
:-) Kun 1019
7.534819103579935 334.1851926411282 1470 1065
:-) Kun 1020
-14.814104848794955 377.17669584274563 1481 982
:-) Kun 1021
452.22911778602224 641.9769585530871 1398 991
:-) Kun 1022
-518.4206934228798 580.3627425813434 1625 1077
:-) Kun 1023
729.8577795578442 563.7638359442053 1496 1010
:-) Kun 1024
-1370.0282628110422 -298.31748935404335 1087 1252
:-) Kun 1025
-23.150796304681194 121.71970236676884 1631 909
:-) Kun 1026
124.66851153678908 -827.4567044716945 1267 1116
:-) Kun 1027
-301.0302228923691 331.8863213163604 1537 870
:-) Kun 1028
-465.591564820911 580.9777834868178 1573 886
:-) Kun 1029
600.7594629123093 744.9747738617993 1417 985
:-) Kun 1030
-183.71916907085733 -41.25939719853693 1670 1032
:-) Kun 1031
-505.6128107086618 20.608302892859115 1575 939
:-) Kun 1032
-238.8209626352002 469.67634968769653 1457 926
:-) Kun 1033
-307.4633202419782 -401.460372131379 1352 1042
:-) Kun 1034
-958.143083933977 400.71905097413014 1312 741
:-) Kun 1035
35.53015683359013 -531.4553320136564 1395 1091
:-) Kun 1036
-8.512170995791166 -243.00614217796692 1790 1035
:-) Kun 1037
-496.585399788317 -205.82983726008217 1500 963
:-) Kun 1038
-592.7162007387385 -271.2370041519041 1625 914
:-) Kun 1039
526.2453852180106 208.76651027567982 1473 872
:-) Kun 1040
-266.8909128371355 608.6747245596925 1413 1027
:-) Kun 1041
101.56629568004655 -8.095384899468854 1359 1178
:-) Kun 1042
142.3601049738936 384.47078566919436 1303 982
:-) Kun 1043
-555.3818563780845 293.48289468597 1399 967
:-) Kun 1044
221.25589211048987 -189.25772586609355 1548 923
:-) Kun 1045
201.45215229574433 388.8649067053325 1667 1013
:-) Kun 1046
-461.87700878026715 -32.80734804418364 1107 1139
:-) Kun 1047
229.60934175157536 -1025.2845321528232 1296 987
:-) Kun 1048
17.145033488144918 289.0337156825635 1506 934
:-) Kun 1049
517.2647559851057 146.79137586538263 1758 1130
:-) Kun 1050
-273.79872532618424 192.2742863141691 1717 1198
:-) Kun 1051
-1209.51574102429 -323.94957177196227 1524 1079
:-) Kun 1052
17.52158429270935 290.3223373616743 1543 1044
:-) Kun 1053
-157.49530399415778 -176.70192387080522 1450 926
:-) Kun 1054
-452.56711762217367 -577.5532965690813 1373 1102
:-) Kun 1055
209.79812314025753 -617.5731954990349 1577 766
:-) Kun 1056
520.327253292643 171.36187909514297 1250 931
:-) Kun 1057
-212.60912282136155 -10.297194386186561 1468 991
:-) Kun 1058
439.4387413290033 -500.27201777082644 1669 930
:-) Kun 1059
-73.33113025110549 3.7993552236378036 1405 785
:-) Kun 1060
390.7723826091865 -1294.1940424143374 1713 983
:-) Kun 1061
762.240497410844 -827.1923877951415 1594 982
:-) Kun 1062
-217.11888461534022 -33.11981576789219 1101 1131
:-) Kun 1063
266.96754242251745 -45.48141016661316 1832 893
:-) Kun 1064
-529.7610243597519 254.58008053099365 1454 976
:-) Kun 1065
-126.126174789488 -434.6603830509646 1336 958
:-) Kun 1066
284.15183396579073 720.6019865254507 1516 777
:-) Kun 1067
-84.00854656872002 -334.1955283914399 1914 898
:-) Kun 1068
258.0233630124121 -48.105437978530745 1359 966
:-) Kun 1069
-931.4431940110669 109.98564800055783 1667 869
:-) Kun 1070
-75.68345271844373 -94.67490361762043 1404 932
:-) Kun 1071
-96.16714366688961 106.20613686077218 1387 1069
:-) Kun 1072
-60.36506626670689 -286.9688477257936 1379 1055
:-) Kun 1073
-215.38086918521435 177.25282550825864 1331 1159
:-) Kun 1074
392.3272569647868 -33.74982539425298 1574 1127
:-) Kun 1075
296.8238780301335 71.31810549338729 1595 1119
:-) Kun 1076
-86.53781247174959 391.79592603364176 1611 1157
:-) Kun 1077
-70.51221464281195 72.61562100366882 1629 1013
:-) Kun 1078
-367.17683880403376 78.38369170848614 1236 1031
:-) Kun 1079
-384.61420071627094 251.1164329170458 1462 1202
:-) Kun 1080
88.55013430154645 395.4708927692716 1700 902
:-) Kun 1081
221.15069008555406 -237.37061809507327 1449 1059
:-) Kun 1082
236.3425197881122 241.11301862111668 1652 1026
:-) Kun 1083
-183.4601274035574 -114.51671926419453 1624 1196
:-) Kun 1084
-157.4981803117829 -575.4566852193345 1504 1050
:-) Kun 1085
-349.88471974894026 -139.758571462972 1688 1118
:-) Kun 1086
84.47925818909039 96.47510031986303 1443 867
:-) Kun 1087
-414.1635412545245 -60.17268805294839 1562 1112
:-) Kun 1088
-403.55462504676655 -147.80828781579362 1585 872
:-) Kun 1089
107.10148049434974 35.17028668256148 1509 1069
:-) Kun 1090
236.33488403020124 520.0218674094058 1199 1023
:-) Kun 1091
316.38462687962783 208.09205666925254 1524 1216
:-) Kun 1092
122.00934808213538 -467.4545023239215 1823 718
:-) Kun 1093
-320.9852820089392 105.33572361861934 1422 1005
:-) Kun 1094
202.04714528855766 -626.2402591182909 1340 827
:-) Kun 1095
-89.1723673620669 -65.34653680026963 1549 984
:-) Kun 1096
30.291533635351243 -304.7310781094793 1503 861
:-) Kun 1097
351.13274097547037 492.28533476843677 1615 914
:-) Kun 1098
383.1463541561184 63.01097407796715 1489 974
:-) Kun 1099
372.1188209295642 -789.2661844515876 1534 1267
:-) Kun 1100
-62.764559513869585 -504.6525542147807 1550 940
:-) Kun 1101
220.23512049354804 714.4095211367953 1654 1140
:-) Kun 1102
-309.93321605059566 -69.50370197818484 1086 972
:-) Kun 1103
840.5615174692798 -1047.2346235833493 1284 908
:-) Kun 1104
96.91556907840254 -420.8376783167149 1362 1027
:-) Kun 1105
616.6662413236791 -127.01259596091074 1677 737
:-) Kun 1106
945.3125121895912 -652.3053265672398 1830 1020
:-) Kun 1107
-375.8403579401511 99.8747563017123 1675 976
:-) Kun 1108
-749.7344735972307 584.2096005081582 1592 954
:-) Kun 1109
423.66438301654443 -182.1453327320628 1492 870
:-) Kun 1110
-605.0423620579977 -667.5365614774989 1882 1097
:-) Kun 1111
666.5990868593376 -597.2451278099923 1328 1119
:-) Kun 1112
-113.77147151982138 221.78582797704394 1704 1063
:-) Kun 1113
-223.82777857239842 425.9975252686877 1602 1065
:-) Kun 1114
175.46643383589867 152.46977138911234 1514 891
:-) Kun 1115
-632.8145607988768 344.698467307039 1728 1000
:-) Kun 1116
321.013224139592 481.0045332364043 1334 920
:-) Kun 1117
-208.22572589792924 324.89425598829575 1459 1081
:-) Kun 1118
498.79492088114284 -473.46496092865266 1854 886
:-) Kun 1119
167.9858041607322 -222.6040873965867 1874 1156
:-) Kun 1120
-226.00064342801068 -256.1797813029368 1437 960
:-) Kun 1121
-580.0205461910924 336.77545107102196 1453 945
:-) Kun 1122
-201.6295292514542 -682.6172696845522 1462 1112
:-) Kun 1123
401.62141795935713 -1218.0779556166258 1404 898
:-) Kun 1124
6.938000390947991 -308.16666233228716 1536 865
:-) Kun 1125
-332.0970988604696 -245.59735802090745 1497 1022
:-) Kun 1126
-77.6222372922158 -91.54321275191592 1587 1037
:-) Kun 1127
-149.9022891160107 507.89191397619584 1441 1016
:-) Kun 1128
320.74305760968264 147.65277606183372 1470 901
:-) Kun 1129
218.59963789948642 32.96809512686809 1372 1121
:-) Kun 1130
372.15836194124086 572.5537960203776 1423 888
:-) Kun 1131
-26.891824973678695 307.74485102817243 1620 948
:-) Kun 1132
-384.8212074996849 135.80266722278293 1549 962
:-) Kun 1133
-343.7472604317986 -99.55167728823335 1444 900
:-) Kun 1134
-484.44875141566854 128.05282317095816 1307 1020
:-) Kun 1135
4.184184982508441 -245.0752491257556 1781 1072
:-) Kun 1136
171.05267518102437 154.22956406636376 1605 793
:-) Kun 1137
-47.66379084199741 -374.31272792170046 1399 1169
:-) Kun 1138
886.3505179771403 -296.05732014162413 1736 875
:-) Kun 1139
76.02579176746008 -163.13833125123472 1378 905
:-) Kun 1140
219.9470921585264 -346.1753302132116 1422 1052
:-) Kun 1141
430.7520161026787 224.0014141822494 1606 878
:-) Kun 1142
53.152870428398955 -142.5694436945439 1611 966
:-) Kun 1143
211.75682484803565 -553.9281533431059 1330 803
:-) Kun 1144
-636.0555018998359 224.98835694756917 1741 1261
:-) Kun 1145
507.4956642279001 -226.02181305676731 1366 891
:-) Kun 1146
308.64749378043734 399.1848167598728 1394 1011
:-) Kun 1147
-670.2217683471197 -716.6984247292405 1198 1099
:-) Kun 1148
513.0820009494032 246.48333236575036 1621 927
:-) Kun 1149
73.81607613563733 392.5300096946862 1677 1034
:-) Kun 1150
-138.62869626507427 -298.0398364822181 1417 1005
:-) Kun 1151
-80.6794834536114 -617.7476318580451 887 857
:-) Kun 1152
47.13152187351761 28.691571812399616 1597 1122
:-) Kun 1153
-430.33932995644955 -403.67646740960834 1375 1040
:-) Kun 1154
-217.48977173303615 577.2860028412824 1515 1033
:-) Kun 1155
78.25827755449086 -204.02710009742952 1427 983
:-) Kun 1156
-343.85622769179906 -227.5909190435823 1514 1041
:-) Kun 1157
34.579309737526046 341.2871918275064 1594 998
:-) Kun 1158
640.6990836116058 223.371637864185 1475 836
:-) Kun 1159
-403.16776210893954 -137.5003423713938 1501 888
:-) Kun 1160
516.0605548585368 75.26072003436548 1677 1039
:-) Kun 1161
-475.8685969170492 -287.1580072559409 1456 907
:-) Kun 1162
565.9162399896447 277.25511952726765 1255 970
:-) Kun 1163
906.2733083139387 357.0939871551484 1426 1129
:-) Kun 1164
264.8589741507799 296.650120160803 1457 1019
:-) Kun 1165
-300.9728628254785 -231.16177043051903 1486 1061
:-) Kun 1166
-134.31442631670313 316.9536087208153 1606 970
:-) Kun 1167
724.3063354424053 170.61064568082406 1434 1037
:-) Kun 1168
497.11465292806406 422.7476161876625 1522 1070
:-) Kun 1169
204.59081249209567 443.0437254493004 1451 979
:-) Kun 1170
-417.96425225879955 93.08511442618715 1651 996
:-) Kun 1171
176.77814283842304 54.600885919230905 1590 1008
:-) Kun 1172
391.51732222339615 100.1379838316866 1481 812
:-) Kun 1173
27.87767364960382 -436.66621996276365 1743 864
:-) Kun 1174
-30.449941796456756 108.58153422854366 1409 1112
:-) Kun 1175
-377.7024538435787 -47.19486604488077 1341 950
:-) Kun 1176
239.07851966299222 300.09048845783923 1609 950
:-) Kun 1177
-339.22311667905535 705.5866737890524 1302 972
:-) Kun 1178
3.104123285307196 303.937886570473 1206 964
:-) Kun 1179
686.1689841801597 527.0027271981116 1550 917
:-) Kun 1180
248.75321017215947 -104.6496611186044 1452 1000
:-) Kun 1181
293.75728018759446 -999.9014309406932 1427 1106
:-) Kun 1182
-12.428270768271773 -254.3660390688343 1677 1073
:-) Kun 1183
-68.70532717479762 21.41010554967704 1680 879
:-) Kun 1184
-401.3563053665871 627.7627455784591 1305 1056
:-) Kun 1185
-275.8327141855815 -165.00959444006696 1600 1102
:-) Kun 1186
214.50702560703166 419.3304711390251 1552 1134
:-) Kun 1187
-9.510037964961725 -139.1704638761605 1435 885
:-) Kun 1188
-232.61463866343615 -54.39077316738599 1388 1062
:-) Kun 1189
-424.05444648207754 451.95601014611043 1553 872
:-) Kun 1190
-229.34713061446553 486.0871430219827 1550 796
:-) Kun 1191
-249.29699403722543 77.0154504816337 1253 977
:-) Kun 1192
-979.6948663471032 -118.20800412848644 1489 927
:-) Kun 1193
289.9124024781654 246.01351216607486 1404 1068
:-) Kun 1194
-421.6695633384079 -15.73111384479273 1203 1034
:-) Kun 1195
-100.06745822997846 -334.44459511262835 1616 1131
:-) Kun 1196
389.9683997319719 144.87026745994103 1318 835
:-) Kun 1197
-201.69082665586495 -202.8299436363419 1500 1019
:-) Kun 1198
-61.94923549792588 -260.90045351197864 1439 1109
:-) Kun 1199
191.60976941505032 156.46713407777406 1670 975
:-) Kun 1200
-325.360364761922 -68.01263034143881 1628 842
:-) Kun 1201
-220.08530345620443 511.44708875139304 1466 1063
:-) Kun 1202
-413.0274350805224 -385.8946780269796 1609 1037
:-) Kun 1203
6.984295635185845 230.75304209911405 1351 1051
:-) Kun 1204
80.84948420897717 -423.30219664723177 1557 1071
:-) Kun 1205
-854.1139653804306 -232.66079140378133 1449 1052
:-) Kun 1206
10.97228634811745 -453.6379402302523 1456 1211
:-) Kun 1207
-757.7630403063056 -1161.3035587342404 1393 924
:-) Kun 1208
-73.13049396124006 715.0250176022196 1296 916
:-) Kun 1209
219.22059215109175 -700.514927790519 1678 1101
:-) Kun 1210
-3.511380961197233 296.9172243230571 1395 884
:-) Kun 1211
-380.40086604738144 -127.9777271185385 1760 838
:-) Kun 1212
-115.82030432140289 -496.6319735782249 1642 998
:-) Kun 1213
-229.21248196027943 1087.130264915249 1744 1180
:-) Kun 1214
-148.05788868482364 -759.3283880465713 1473 1105
:-) Kun 1215
53.17497392885798 140.58807490890217 1397 760
:-) Kun 1216
65.37965228915255 -370.6656292797793 1450 966
:-) Kun 1217
464.92735818378196 -657.2765618516615 1415 919
:-) Kun 1218
41.59540010462615 32.147755149504746 1592 963
:-) Kun 1219
-418.8529786181423 236.76646899870047 1374 713
:-) Kun 1220
343.3449617698666 -497.40387812817414 1544 1063
:-) Kun 1221
-388.36038141862514 294.7300160120767 1512 1141
:-) Kun 1222
10.29431859086344 470.9801194865447 1527 1005
:-) Kun 1223
-402.9676220949764 -551.6489237117855 1296 1093
:-) Kun 1224
-939.0990934556594 -245.3094488723916 1448 925
:-) Kun 1225
-289.73477011959733 -268.73639943599414 1673 857
:-) Kun 1226
229.119828852316 -198.90487952394187 1330 989
:-) Kun 1227
-133.13870494611137 647.8941157488816 1547 967
:-) Kun 1228
-819.112291478504 -99.68677198246974 1447 980
:-) Kun 1229
-147.32509958594937 -85.55221303451196 1571 978
:-) Kun 1230
-402.5164416325 392.7153508788724 1337 1007
:-) Kun 1231
206.2880158797684 -348.94754232727314 1575 912
:-) Kun 1232
-529.6608524344866 132.53158676570092 1402 841
:-) Kun 1233
-53.792215379414415 137.92860764103943 1422 953
:-) Kun 1234
306.9807114461137 -351.27938714547315 1347 1193
:-) Kun 1235
-399.55309153233713 242.68964418710266 1462 1158
:-) Kun 1236
-696.8533681989197 206.17599424117293 1468 1162
:-) Kun 1237
360.60116507861585 -235.6994973388405 1448 992
:-) Kun 1238
-14.611277230708993 -181.25348503502073 1534 1214
:-) Kun 1239
-555.1555518411004 -577.3608715252609 1609 934
:-) Kun 1240
475.0770711599803 16.391017129201146 1166 1078
:-) Kun 1241
-92.36719574724702 267.56384026769024 1558 1168
:-) Kun 1242
-67.40042262630254 -409.45097113837926 1491 1115
:-) Kun 1243
96.2521958511577 78.81406659168397 1534 999
:-) Kun 1244
476.3702963103251 253.68386745837893 1388 904
:-) Kun 1245
180.58642550318336 332.8064085882645 1357 1013
:-) Kun 1246
-3.639257102921647 -109.14586540438052 1520 1100
:-) Kun 1247
238.7803215958154 -972.070630841361 1930 994
:-) Kun 1248
467.0304799710941 515.6541766969208 1405 935
:-) Kun 1249
-41.8142839190657 -122.25806771456871 1681 1007
:-) Kun 1250
112.14979480420175 -433.1042759357465 1486 931
:-) Kun 1251
-97.58396795843146 -661.8771469299373 1571 1017
:-) Kun 1252
-133.70289054679347 -184.3046704066212 1080 1004
:-) Kun 1253
-216.19490958285007 522.4111867424369 1735 950
:-) Kun 1254
-56.637273410739 278.39290800081926 1455 1032
:-) Kun 1255
-332.54326425379907 326.1499321192823 1336 1079
:-) Kun 1256
427.53557279900315 0.6615863704302001 1612 1023
:-) Kun 1257
378.0561916473155 -85.15219016294043 1282 1096
:-) Kun 1258
-342.17290577459494 109.07068987356956 1302 1027
:-) Kun 1259
22.196247646987445 307.8446716940125 1400 965
:-) Kun 1260
248.70516803892087 574.1822606595317 1544 1045
:-) Kun 1261
-38.7684126976942 226.65602005471965 1696 1041
:-) Kun 1262
-608.9463607532033 8.569795245515706 1490 1101
:-) Kun 1263
-281.8809675218322 141.343514247116 1680 1094
:-) Kun 1264
-110.14401912662424 266.4550968266533 1434 935
:-) Pocet letounu:
82 
:-) Letoun 1
-790.9668090145367 456.03485417175693 11633 101
:-) Letoun 2
399.73969540445205 -29.95532761979007 8558 104
:-) Letoun 3
432.4966107821265 630.9328609464685 11094 111
:-) Letoun 4
869.0417916631138 -151.85662272340892 8841 103
:-) Letoun 5
337.84022403439985 636.5400735842927 9450 105
:-) Letoun 6
-298.70777537234335 -379.6702540464536 9878 88
:-) Letoun 7
-347.16908855240115 -146.3708836236492 8721 103
:-) Letoun 8
-567.3999397778881 -745.7698691015715 7140 82
:-) Letoun 9
-288.62244165863524 498.1183555766065 10398 111
:-) Letoun 10
322.22270112414867 290.98092755496737 9966 102
:-) Letoun 11
432.48026066618627 -459.7791194506167 8887 89
:-) Letoun 12
330.1868394120934 -70.24234325101088 9216 99
:-) Letoun 13
92.26294685452717 848.5193736167928 9858 93
:-) Letoun 14
433.6913372479946 711.2538066509751 10207 96
:-) Letoun 15
-62.04306401313249 -290.67853669461726 9898 114
:-) Letoun 16
273.3593496483945 403.32331814534473 9861 94
:-) Letoun 17
-66.79757490371344 -746.8951862090158 9718 99
:-) Letoun 18
-332.86790698235677 86.45447207729012 10347 104
:-) Letoun 19
972.8760507343636 814.2389470004853 11806 90
:-) Letoun 20
420.7453817619314 -293.43743546242354 9302 95
:-) Letoun 21
-224.48793631761964 33.645604459325796 9046 116
:-) Letoun 22
144.8305790245522 96.93573317825962 11600 92
:-) Letoun 23
489.55914410382957 442.74361112027987 11132 101
:-) Letoun 24
231.25469974468547 -138.23735959742191 8505 101
:-) Letoun 25
264.1983898925196 -237.37540903986974 9406 103
:-) Letoun 26
-92.51959420412129 342.99100789765794 10901 94
:-) Letoun 27
106.47093209048921 500.5523730351781 10383 120
:-) Letoun 28
57.20300958269104 -514.6960043267215 10421 99
:-) Letoun 29
14.205719522630034 -678.6487886626868 10545 95
:-) Letoun 30
-59.683056594396135 -418.2282241809352 11269 102
:-) Letoun 31
1389.3728853343046 782.6230069099686 11588 96
:-) Letoun 32
339.3880632798366 494.4878839640055 12513 107
:-) Letoun 33
374.46096757777605 39.3302427220774 10646 101
:-) Letoun 34
300.0252127418871 359.2339399103705 10290 106
:-) Letoun 35
198.08531039319087 83.09521381939408 11262 94
:-) Letoun 36
-525.1173422283595 211.2866559457418 8871 112
:-) Letoun 37
344.1856480360657 -347.86471966797717 8110 91
:-) Letoun 38
589.0015118424435 82.76856778197134 10222 80
:-) Letoun 39
75.13779025690746 -13.33535718280234 8989 114
:-) Letoun 40
37.391543270996635 -55.71941722731481 9074 96
:-) Letoun 41
-369.5675413554777 187.3473107756206 9187 110
:-) Letoun 42
-241.68256964289958 -865.8570976527268 10072 92
:-) Letoun 43
-41.151617043884585 198.1974739304494 9392 109
:-) Letoun 44
1197.617529066224 401.822460382125 9719 89
:-) Letoun 45
562.7153029752915 -187.9274098072524 10711 101
:-) Letoun 46
88.26383004736726 351.2478190684633 11626 116
:-) Letoun 47
-68.27298635080729 104.74219192718283 10265 102
:-) Letoun 48
-760.4699786401378 -244.86097583790297 9151 85
:-) Letoun 49
551.9074089748367 -653.3616577332571 10890 100
:-) Letoun 50
-172.33191615182568 -41.204090550900105 10265 112
:-) Letoun 51
393.70734190182566 -734.4578738143161 11282 99
:-) Letoun 52
-677.212624445581 -495.0737922933191 11844 100
:-) Letoun 53
-444.9218757612831 -395.68228817019883 10004 94
:-) Letoun 54
63.81438675313916 -6.814287697709233 9859 84
:-) Letoun 55
-777.5813795271937 388.63667515432985 11252 96
:-) Letoun 56
187.57315137387945 18.904886009494135 11448 100
:-) Letoun 57
97.53227221194015 182.67183916699196 6823 99
:-) Letoun 58
-432.393385289075 -53.638425902996914 9193 93
:-) Letoun 59
158.88491547525382 341.524246725726 9877 106
:-) Letoun 60
-211.19887803248218 -633.7532609151428 9983 93
:-) Letoun 61
352.2133365393415 187.49079390577663 9295 112
:-) Letoun 62
-519.6348161308571 31.47237174301631 8651 100
:-) Letoun 63
-108.85647214300593 -266.38317401108225 9762 100
:-) Letoun 64
53.90603101523402 59.74863324886087 11151 98
:-) Letoun 65
440.05311982664034 5.0952457449111535 9086 116
:-) Letoun 66
289.93302508368606 358.41422175798016 11719 118
:-) Letoun 67
329.0459481606913 308.620976784297 10757 88
:-) Letoun 68
-170.89781235177622 -6.0896224751761565 10986 98
:-) Letoun 69
-99.70721672866205 727.8248323508233 8609 95
:-) Letoun 70
-191.01582635754892 220.26073788027907 9710 110
:-) Letoun 71
656.0654358352574 342.7228866089747 10898 105
:-) Letoun 72
75.5417633815814 177.452453838029 9828 103
:-) Letoun 73
398.44512411671417 367.7691615527924 10810 110
:-) Letoun 74
892.4776843569302 447.12874809952996 6650 84
:-) Letoun 75
-150.72934075999592 239.94751959148948 10045 101
:-) Letoun 76
-547.5047072213923 -88.7293987758444 9854 109
:-) Letoun 77
-149.0294354215505 368.70211533494694 12135 103
:-) Letoun 78
-113.8240691263153 462.72536897881287 9516 108
:-) Letoun 79
-251.8502549463691 273.5197347656763 9366 106
:-) Letoun 80
-63.99228934526957 -416.0198624335393 9380 111
:-) Letoun 81
553.9069048723529 -343.0670244660598 10149 105
:-) Letoun 82
849.1892052082153 -261.0548908849835 10200 79
